id,question_fr,sql,difficulty,tags,tables_used,valid_sql,validation_error,generation_model,generated_at_utc,batch_index
cand_000001,Combien de documents avons-nous pour l'année 2024 ?,SELECT COUNT(*) FROM documents WHERE document_year = '2024';,easy,"[""documents"", ""count""]","[""documents""]",True,,deepseek-reasoner,2026-03-05T14:29:33.820248+00:00,1
cand_000002,Quels sont les noms des communes qui ont soumis des documents ?,SELECT DISTINCT city_name FROM documents;,easy,"[""communes"", ""list""]","[""documents""]",True,,deepseek-reasoner,2026-03-05T14:29:33.820248+00:00,1
cand_000003,Afficher les documents avec le type de budget 'BP'.,SELECT * FROM documents WHERE budget_type = 'BP';,easy,"[""budget_type"", ""filter""]","[""documents""]",True,,deepseek-reasoner,2026-03-05T14:29:33.820248+00:00,1
cand_000004,Quel est le nombre total de pages pour les documents de l'année 2023 ?,SELECT SUM(nb_pages) FROM documents WHERE document_year = '2023';,easy,"[""pages"", ""sum""]","[""documents""]",True,,deepseek-reasoner,2026-03-05T14:29:33.821360+00:00,1
cand_000005,Lister les formats des documents disponibles.,SELECT DISTINCT format FROM documents;,easy,"[""formats"", ""list""]","[""documents""]",True,,deepseek-reasoner,2026-03-05T14:29:33.821360+00:00,1
cand_000006,Combien de documents ont un message d'erreur ?,SELECT COUNT(*) FROM documents WHERE error_message IS NOT NULL AND error_message != '';,easy,"[""errors"", ""count""]","[""documents""]",True,,deepseek-reasoner,2026-03-05T14:29:33.821360+00:00,1
cand_000007,Afficher les SIRET des documents traités avec succès.,SELECT d.siret FROM documents d JOIN states s ON d.state_id = s.state_id WHERE s.code = 'SUCCESS';,easy,"[""siret"", ""success""]","[""documents"", ""states""]",True,,deepseek-reasoner,2026-03-05T14:29:33.821360+00:00,1
cand_000008,Quelle est la moyenne des pages par document ?,SELECT AVG(nb_pages) FROM documents;,easy,"[""pages"", ""average""]","[""documents""]",True,,deepseek-reasoner,2026-03-05T14:29:33.821360+00:00,1
cand_000009,Quelle est la répartition des documents par état (code) ?,"SELECT s.code, COUNT(d.document_id) FROM documents d JOIN states s ON d.state_id = s.state_id GROUP BY s.code;",medium,"[""states"", ""distribution""]","[""documents"", ""states""]",True,,deepseek-reasoner,2026-03-05T14:29:33.822280+00:00,1
cand_000010,Comparer le nombre de documents entre les années 2023 et 2024.,"SELECT document_year, COUNT(*) FROM documents WHERE document_year IN ('2023', '2024') GROUP BY document_year;",medium,"[""year_comparison"", ""count""]","[""documents""]",True,,deepseek-reasoner,2026-03-05T14:29:33.822280+00:00,1
cand_000011,Lister les valeurs extraites pour le champ financier 'D001' pour toutes les communes.,"SELECT er.value, d.city_name FROM extraction_results er JOIN documents d ON er.document_id = d.document_id WHERE er.safir_field_id = 'D001';",medium,"[""financial_field"", ""values""]","[""extraction_results"", ""documents""]",True,,deepseek-reasoner,2026-03-05T14:29:33.822280+00:00,1
cand_000012,Calculer le taux de réussite d'extraction par année (basé sur l'état des documents).,"WITH doc_status AS (SELECT d.document_year, s.code FROM documents d JOIN states s ON d.state_id = s.state_id) SELECT document_year, COUNT(CASE WHEN code = 'SUCCESS' THEN 1 END) * 100.0 / COUNT(*) AS success_rate FROM doc_status GROUP BY document_year;",medium,"[""success_rate"", ""yearly""]","[""documents"", ""states""]",True,,deepseek-reasoner,2026-03-05T14:29:33.822280+00:00,1
cand_000013,Trouver les communes avec le plus grand nombre total de pages de documents.,"SELECT city_name, SUM(nb_pages) AS total_pages FROM documents GROUP BY city_name ORDER BY total_pages DESC;",medium,"[""communes"", ""total_pages"", ""ranking""]","[""documents""]",True,,deepseek-reasoner,2026-03-05T14:29:33.823310+00:00,1
cand_000014,Afficher les documents qui ont des résultats d'extraction avec des messages d'avertissement.,SELECT DISTINCT d.* FROM documents d JOIN extraction_results er ON d.document_id = er.document_id WHERE er.message_warning IS NOT NULL AND er.message_warning != '';,medium,"[""warnings"", ""documents""]","[""documents"", ""extraction_results""]",True,,deepseek-reasoner,2026-03-05T14:29:33.823310+00:00,1
cand_000015,Compter le nombre de champs financiers distincts extraits par document.,"SELECT document_id, COUNT(DISTINCT safir_field_id) AS distinct_fields FROM extraction_results GROUP BY document_id;",medium,"[""fields"", ""count_per_document""]","[""extraction_results""]",True,,deepseek-reasoner,2026-03-05T14:29:33.823310+00:00,1
cand_000016,Identifier les années où il y a des documents avec des erreurs d'extraction.,SELECT DISTINCT d.document_year FROM documents d JOIN extraction_results er ON d.document_id = er.document_id WHERE er.message_error IS NOT NULL AND er.message_error != '';,medium,"[""extraction_errors"", ""years""]","[""documents"", ""extraction_results""]",True,,deepseek-reasoner,2026-03-05T14:29:33.824814+00:00,1
cand_000017,"Analyser la tendance des valeurs numériques pour le champ 'Conso' sur les années, en calculant la moyenne par année.","SELECT d.document_year, AVG(CAST(er.value AS REAL)) AS avg_conso FROM extraction_results er JOIN documents d ON er.document_id = d.document_id WHERE er.safir_field_id = 'Conso' AND er.value != '' AND er.value IS NOT NULL GROUP BY d.document_year ORDER BY d.document_year;",hard,"[""trend"", ""consumption"", ""numeric_analysis""]","[""extraction_results"", ""documents""]",True,,deepseek-reasoner,2026-03-05T14:29:33.824814+00:00,1
cand_000018,Comparer les agrégats financiers entre les types de budget BP et BA pour un champ spécifique comme 'D001'.,"SELECT d.budget_type, AVG(CAST(er.value AS REAL)) AS avg_value FROM extraction_results er JOIN documents d ON er.document_id = d.document_id WHERE er.safir_field_id = 'D001' AND er.value != '' AND er.value IS NOT NULL AND d.budget_type IN ('BP', 'BA') GROUP BY d.budget_type;",hard,"[""budget_comparison"", ""financial_aggregate""]","[""extraction_results"", ""documents""]",True,,deepseek-reasoner,2026-03-05T14:29:33.825837+00:00,1
cand_000019,"Détecter les résultats d'extraction qui ont été corrigés via les feedbacks, et afficher les valeurs avant et après correction.","SELECT er.safir_field_id, er.value AS original_value, rf.corrected_value, d.city_name FROM extraction_results er LEFT JOIN resultfeedbacks rf ON er.result_id = rf.result_id JOIN documents d ON er.document_id = d.document_id WHERE rf.corrected_value IS NOT NULL;",hard,"[""corrections"", ""quality_control""]","[""extraction_results"", ""resultfeedbacks"", ""documents""]",True,,deepseek-reasoner,2026-03-05T14:29:33.826177+00:00,1
cand_000020,"Calculer pour chaque commune le ratio entre deux indicateurs financiers, par exemple entre 'D001' et 'DF011', pour évaluer la structure de la dette.","WITH financial_data AS (SELECT d.city_name, er.safir_field_id, CAST(er.value AS REAL) AS numeric_value FROM extraction_results er JOIN documents d ON er.document_id = d.document_id WHERE er.safir_field_id IN ('D001', 'DF011') AND er.value != '' AND er.value IS NOT NULL) SELECT city_name, SUM(CASE WHEN safir_field_id = 'D001' THEN numeric_value ELSE 0 END) AS total_debt, SUM(CASE WHEN safir_field_id = 'DF011' THEN numeric_value ELSE 0 END) AS other_indicator, CASE WHEN SUM(CASE WHEN safir_field_id = 'DF011' THEN numeric_value ELSE 0 END) > 0 THEN SUM(CASE WHEN safir_field_id = 'D001' THEN numeric_value ELSE 0 END) / SUM(CASE WHEN safir_field_id = 'DF011' THEN numeric_value ELSE 0 END) ELSE NULL END AS debt_ratio FROM financial_data GROUP BY city_name HAVING debt_ratio IS NOT NULL;",hard,"[""financial_ratio"", ""debt_analysis""]","[""extraction_results"", ""documents""]",True,,deepseek-reasoner,2026-03-05T14:29:33.826822+00:00,1
cand_000021,Quels types de format de document (mask) ont été utilisés pour les budgets de l'année 2023 ?,SELECT DISTINCT mask FROM documents WHERE document_year = '2023';,easy,"[""filtering"", ""distinct""]","[""documents""]",True,,deepseek-reasoner,2026-03-05T14:32:57.326639+00:00,2
cand_000022,Combien de documents sont de type budget principal (BP) par rapport aux budgets annexes (BA) ?,"SELECT budget_type, COUNT(*) AS nombre_documents FROM documents GROUP BY budget_type;",easy,"[""grouping"", ""aggregation""]","[""documents""]",True,,deepseek-reasoner,2026-03-05T14:32:57.327781+00:00,2
cand_000023,Listez toutes les communes distinctes qui ont soumis des documents financiers.,SELECT DISTINCT city_name FROM documents WHERE city_name IS NOT NULL ORDER BY city_name;,easy,"[""filtering"", ""distinct"", ""ordering""]","[""documents""]",True,,deepseek-reasoner,2026-03-05T14:32:57.327781+00:00,2
cand_000024,"Affichez les documents qui ont plus de 200 pages, avec leur nom de commune et année.","SELECT city_name, document_year, nb_pages FROM documents WHERE nb_pages > 200 ORDER BY nb_pages DESC;",easy,"[""filtering"", ""ordering""]","[""documents""]",True,,deepseek-reasoner,2026-03-05T14:32:57.327781+00:00,2
cand_000025,Quel est le nombre moyen de pages par type de document (mask) ?,"SELECT mask, AVG(nb_pages) AS moyenne_pages FROM documents WHERE nb_pages IS NOT NULL GROUP BY mask;",easy,"[""grouping"", ""aggregation""]","[""documents""]",True,,deepseek-reasoner,2026-03-05T14:32:57.328386+00:00,2
cand_000026,"Quels sont les formats de fichier (pdf, scan, image) utilisés pour les documents de 2024 ?",SELECT DISTINCT format FROM documents WHERE document_year = '2024' AND format IS NOT NULL;,easy,"[""filtering"", ""distinct""]","[""documents""]",True,,deepseek-reasoner,2026-03-05T14:32:57.328386+00:00,2
cand_000027,Combien de documents n'ont aucun message d'erreur enregistré ?,SELECT COUNT(*) AS documents_sans_erreur FROM documents WHERE error_message IS NULL OR error_message = '';,easy,"[""filtering"", ""aggregation""]","[""documents""]",True,,deepseek-reasoner,2026-03-05T14:32:57.328386+00:00,2
cand_000028,Listez les années pour lesquelles nous avons des documents financiers traités.,SELECT DISTINCT document_year FROM documents WHERE document_year IS NOT NULL ORDER BY document_year;,easy,"[""filtering"", ""distinct"", ""ordering""]","[""documents""]",True,,deepseek-reasoner,2026-03-05T14:32:57.328386+00:00,2
cand_000029,"Pour chaque commune, combien de documents ont été soumis en 2024 ?","SELECT city_name, COUNT(*) AS nombre_documents FROM documents WHERE document_year = '2024' GROUP BY city_name ORDER BY nombre_documents DESC;",medium,"[""grouping"", ""aggregation"", ""ordering""]","[""documents""]",True,,deepseek-reasoner,2026-03-05T14:32:57.328386+00:00,2
cand_000030,Quelle est la valeur moyenne extraite pour l'indicateur 'Conso' par année budgétaire ?,"SELECT d.document_year, AVG(CAST(e.value AS REAL)) AS valeur_moyenne FROM documents d JOIN extraction_results e ON d.document_id = e.document_id WHERE e.safir_field_id = 'Conso' AND e.value != '' GROUP BY d.document_year;",medium,"[""join"", ""grouping"", ""aggregation""]","[""documents"", ""extraction_results""]",True,,deepseek-reasoner,2026-03-05T14:32:57.329554+00:00,2
cand_000031,Quels documents ont des résultats d'extraction avec des messages d'erreur spécifiques ? Affichez le nom de la commune et l'année.,"SELECT DISTINCT d.city_name, d.document_year FROM documents d JOIN extraction_results e ON d.document_id = e.document_id WHERE e.message_error IS NOT NULL AND e.message_error != '';",medium,"[""join"", ""filtering""]","[""documents"", ""extraction_results""]",True,,deepseek-reasoner,2026-03-05T14:32:57.329554+00:00,2
cand_000032,Comparez le nombre total de pages entre les documents de type budget principal (BP) et budget annexe (BA) pour l'année 2024.,"SELECT budget_type, SUM(nb_pages) AS total_pages FROM documents WHERE document_year = '2024' AND nb_pages IS NOT NULL GROUP BY budget_type;",medium,"[""grouping"", ""aggregation""]","[""documents""]",True,,deepseek-reasoner,2026-03-05T14:32:57.329554+00:00,2
cand_000033,"Affichez les valeurs extraites pour l'indicateur 'D001' avec le nom de la commune correspondante, triées par valeur décroissante.","SELECT d.city_name, e.value FROM documents d JOIN extraction_results e ON d.document_id = e.document_id WHERE e.safir_field_id = 'D001' AND e.value != '' ORDER BY CAST(e.value AS REAL) DESC;",medium,"[""join"", ""ordering""]","[""documents"", ""extraction_results""]",True,,deepseek-reasoner,2026-03-05T14:32:57.329554+00:00,2
cand_000034,"Quels sont les agrégats financiers (safir_field_id) les plus fréquemment extraits, avec leur nombre d'occurrences ?","SELECT safir_field_id, COUNT(*) AS frequence FROM extraction_results GROUP BY safir_field_id ORDER BY frequence DESC LIMIT 10;",medium,"[""grouping"", ""aggregation"", ""ordering""]","[""extraction_results""]",True,,deepseek-reasoner,2026-03-05T14:32:57.330561+00:00,2
cand_000035,Affichez les exécutions d'extraction (extraction_runs) avec leur date de début et l'état correspondant pour les documents de 2023.,"SELECT er.start_time, s.code AS etat FROM extraction_runs er JOIN documents d ON er.document_id = d.document_id JOIN states s ON er.state_id = s.state_id WHERE d.document_year = '2023' ORDER BY er.start_time;",medium,"[""join"", ""ordering""]","[""extraction_runs"", ""documents"", ""states""]",True,,deepseek-reasoner,2026-03-05T14:32:57.330561+00:00,2
cand_000036,Identifiez les communes où la valeur extraite pour l'indicateur 'D001' est supérieure à la moyenne de toutes les valeurs de 'D001'.,"WITH moyenne_d001 AS (SELECT AVG(CAST(value AS REAL)) AS moyenne FROM extraction_results WHERE safir_field_id = 'D001' AND value != '') SELECT d.city_name, CAST(e.value AS REAL) AS valeur FROM documents d JOIN extraction_results e ON d.document_id = e.document_id WHERE e.safir_field_id = 'D001' AND CAST(e.value AS REAL) > (SELECT moyenne FROM moyenne_d001) ORDER BY valeur DESC;",hard,"[""subquery"", ""join"", ""aggregation""]","[""documents"", ""extraction_results""]",True,,deepseek-reasoner,2026-03-05T14:32:57.330561+00:00,2
cand_000037,"Calculez le ratio entre les indicateurs 'D001' et 'DF011' pour chaque commune, en utilisant les valeurs extraites de 2024.","WITH valeurs AS (SELECT d.city_name, MAX(CASE WHEN e.safir_field_id = 'D001' THEN CAST(e.value AS REAL) END) AS d001, MAX(CASE WHEN e.safir_field_id = 'DF011' THEN CAST(e.value AS REAL) END) AS df011 FROM documents d JOIN extraction_results e ON d.document_id = e.document_id WHERE d.document_year = '2024' AND e.safir_field_id IN ('D001', 'DF011') AND e.value != '' GROUP BY d.city_name, e.document_id) SELECT city_name, d001 / NULLIF(df011, 0) AS ratio FROM valeurs WHERE d001 IS NOT NULL AND df011 IS NOT NULL ORDER BY ratio DESC;",hard,"[""subquery"", ""join"", ""aggregation"", ""conditional""]","[""documents"", ""extraction_results""]",True,,deepseek-reasoner,2026-03-05T14:32:57.331562+00:00,2
cand_000038,Analysez la tendance annuelle des valeurs de 'D001' en calculant la variation en pourcentage entre 2023 et 2024 pour chaque commune.,"WITH valeurs_par_annee AS (SELECT d.city_name, d.document_year, AVG(CAST(e.value AS REAL)) AS moyenne FROM documents d JOIN extraction_results e ON d.document_id = e.document_id WHERE e.safir_field_id = 'D001' AND e.value != '' AND d.document_year IN ('2023', '2024') GROUP BY d.city_name, d.document_year), pivot AS (SELECT city_name, MAX(CASE WHEN document_year = '2023' THEN moyenne END) AS valeur_2023, MAX(CASE WHEN document_year = '2024' THEN moyenne END) AS valeur_2024 FROM valeurs_par_annee GROUP BY city_name) SELECT city_name, valeur_2023, valeur_2024, ((valeur_2024 - valeur_2023) / NULLIF(valeur_2023, 0)) * 100 AS variation_pourcentage FROM pivot WHERE valeur_2023 IS NOT NULL AND valeur_2024 IS NOT NULL ORDER BY variation_pourcentage DESC;",hard,"[""subquery"", ""join"", ""aggregation"", ""trend_analysis""]","[""documents"", ""extraction_results""]",True,,deepseek-reasoner,2026-03-05T14:32:57.332564+00:00,2
cand_000039,Quel est le nombre total de documents par type de masque (mask) ?,"SELECT mask, COUNT(*) AS nombre_documents FROM documents GROUP BY mask;",easy,"[""aggregation"", ""group_by""]","[""documents""]",True,,deepseek-reasoner,2026-03-05T14:40:24.258029+00:00,3
cand_000040,Affichez les communes qui ont des documents avec un budget_type 'BA' pour l'année 2023.,SELECT DISTINCT city_name FROM documents WHERE budget_type = 'BA' AND document_year = '2023';,easy,"[""filtering"", ""distinct""]","[""documents""]",True,,deepseek-reasoner,2026-03-05T14:40:24.258935+00:00,3
cand_000041,Combien de documents ont un nombre de pages inférieur à 100 ?,SELECT COUNT(*) AS nombre_documents FROM documents WHERE nb_pages < 100;,easy,"[""filtering"", ""aggregation""]","[""documents""]",True,,deepseek-reasoner,2026-03-05T14:40:24.258935+00:00,3
cand_000042,Quel est le SIRET le plus fréquent parmi les documents ?,"SELECT siret, COUNT(*) AS count FROM documents GROUP BY siret ORDER BY count DESC LIMIT 1;",easy,"[""aggregation"", ""ordering""]","[""documents""]",True,,deepseek-reasoner,2026-03-05T14:40:24.258935+00:00,3
cand_000043,Listez les années où il y a des documents avec le format 'image'.,SELECT DISTINCT document_year FROM documents WHERE format = 'image';,easy,"[""filtering"", ""distinct""]","[""documents""]",True,,deepseek-reasoner,2026-03-05T14:40:24.259936+00:00,3
cand_000044,"Pour chaque état (code de states), combien de documents sont dans cet état ?","SELECT s.code, COUNT(d.document_id) AS nombre_documents FROM documents d JOIN states s ON d.state_id = s.state_id GROUP BY s.code;",easy,"[""join"", ""aggregation"", ""group_by""]","[""documents"", ""states""]",True,,deepseek-reasoner,2026-03-05T14:40:24.259936+00:00,3
cand_000045,Affichez les documents qui n'ont pas de warning_message.,SELECT * FROM documents WHERE warning_message IS NULL OR warning_message = '';,easy,"[""filtering""]","[""documents""]",True,,deepseek-reasoner,2026-03-05T14:40:24.259936+00:00,3
cand_000046,Quelle est la commune avec le plus petit nombre de documents ?,"SELECT city_name, COUNT(*) AS count FROM documents GROUP BY city_name ORDER BY count ASC LIMIT 1;",easy,"[""aggregation"", ""ordering""]","[""documents""]",True,,deepseek-reasoner,2026-03-05T14:40:24.261029+00:00,3
cand_000047,"Pour chaque indicateur financier (safir_field_id), calculer le nombre de fois où il a été extrait avec succès (état SUCCESS).","SELECT er.safir_field_id, COUNT(*) AS nombre_succes FROM extraction_results er JOIN states s ON er.state_id = s.state_id WHERE s.code = 'SUCCESS' GROUP BY er.safir_field_id;",medium,"[""join"", ""aggregation"", ""group_by"", ""filtering""]","[""extraction_results"", ""states""]",True,,deepseek-reasoner,2026-03-05T14:40:24.261029+00:00,3
cand_000048,Comparez la moyenne des valeurs numériques de 'D001' entre les années 2023 et 2024.,"SELECT d.document_year, AVG(CAST(er.value AS REAL)) AS moyenne_valeur FROM extraction_results er JOIN documents d ON er.document_id = d.document_id WHERE er.safir_field_id = 'D001' AND er.value IS NOT NULL AND er.value != '' AND d.document_year IN ('2023', '2024') GROUP BY d.document_year;",medium,"[""join"", ""aggregation"", ""casting"", ""filtering""]","[""extraction_results"", ""documents""]",True,,deepseek-reasoner,2026-03-05T14:40:24.262030+00:00,3
cand_000049,Identifier les communes où la valeur de 'Conso' est la plus élevée pour chaque année.,"SELECT d.document_year, d.city_name, MAX(CAST(er.value AS REAL)) AS valeur_max FROM extraction_results er JOIN documents d ON er.document_id = d.document_id WHERE er.safir_field_id = 'Conso' AND er.value IS NOT NULL AND er.value != '' GROUP BY d.document_year, d.city_name;",medium,"[""join"", ""aggregation"", ""group_by""]","[""extraction_results"", ""documents""]",True,,deepseek-reasoner,2026-03-05T14:40:24.262574+00:00,3
cand_000050,"Calculer le taux d'erreur par type de document (mask), basé sur les messages d'erreur dans extraction_results.","SELECT d.mask, COUNT(CASE WHEN er.message_error IS NOT NULL AND er.message_error != '' THEN 1 END) AS nombre_erreurs, COUNT(*) AS total_resultats, (COUNT(CASE WHEN er.message_error IS NOT NULL AND er.message_error != '' THEN 1 END) * 100.0 / COUNT(*)) AS taux_erreur_pourcent FROM extraction_results er JOIN documents d ON er.document_id = d.document_id GROUP BY d.mask;",medium,"[""join"", ""aggregation"", ""conditional_aggregation""]","[""extraction_results"", ""documents""]",True,,deepseek-reasoner,2026-03-05T14:40:24.262574+00:00,3
cand_000051,"Affichez les valeurs extraites pour tous les indicateurs d'une commune spécifique, par exemple 'COMMUNE DE BONIFACIO', pour l'année 2024.","SELECT er.safir_field_id, er.value FROM extraction_results er JOIN documents d ON er.document_id = d.document_id WHERE d.city_name = 'COMMUNE DE BONIFACIO' AND d.document_year = '2024';",medium,"[""join"", ""filtering""]","[""extraction_results"", ""documents""]",True,,deepseek-reasoner,2026-03-05T14:40:24.263674+00:00,3
cand_000052,Quel est le ratio entre le nombre de résultats d'extraction et le nombre de pages par document ?,"SELECT d.document_id, d.nb_pages, COUNT(er.result_id) AS nombre_resultats, COUNT(er.result_id) * 1.0 / NULLIF(d.nb_pages, 0) AS ratio FROM documents d LEFT JOIN extraction_results er ON d.document_id = er.document_id GROUP BY d.document_id, d.nb_pages;",medium,"[""join"", ""aggregation"", ""division""]","[""documents"", ""extraction_results""]",True,,deepseek-reasoner,2026-03-05T14:40:24.263674+00:00,3
cand_000053,Trouver les indicateurs qui n'ont jamais été extraits avec des erreurs.,SELECT DISTINCT er.safir_field_id FROM extraction_results er WHERE er.safir_field_id NOT IN (SELECT DISTINCT safir_field_id FROM extraction_results WHERE message_error IS NOT NULL AND message_error != '');,medium,"[""subquery"", ""filtering""]","[""extraction_results""]",True,,deepseek-reasoner,2026-03-05T14:40:24.264585+00:00,3
cand_000054,Analyser la distribution des valeurs de 'DF011' par type de budget.,"SELECT d.budget_type, MIN(CAST(er.value AS REAL)) AS min_valeur, AVG(CAST(er.value AS REAL)) AS avg_valeur, MAX(CAST(er.value AS REAL)) AS max_valeur FROM extraction_results er JOIN documents d ON er.document_id = d.document_id WHERE er.safir_field_id = 'DF011' AND er.value IS NOT NULL AND er.value != '' GROUP BY d.budget_type;",medium,"[""join"", ""aggregation"", ""group_by""]","[""extraction_results"", ""documents""]",True,,deepseek-reasoner,2026-03-05T14:40:24.264585+00:00,3
cand_000055,"Pour chaque commune, classer les années basé sur la valeur de 'D001' et identifier l'année avec la valeur maximale.","WITH ranked AS ( SELECT d.city_name, d.document_year, CAST(er.value AS REAL) AS valeur, ROW_NUMBER() OVER (PARTITION BY d.city_name ORDER BY CAST(er.value AS REAL) DESC) AS rank FROM extraction_results er JOIN documents d ON er.document_id = d.document_id WHERE er.safir_field_id = 'D001' AND er.value IS NOT NULL AND er.value != '' ) SELECT city_name, document_year, valeur FROM ranked WHERE rank = 1;",hard,"[""window_function"", ""join"", ""subquery""]","[""extraction_results"", ""documents""]",True,,deepseek-reasoner,2026-03-05T14:40:24.265588+00:00,3
cand_000056,Identifier les communes où la valeur de 'Conso' est supérieure à deux fois la moyenne.,"WITH avg_value AS ( SELECT AVG(CAST(er.value AS REAL)) AS avg_v FROM extraction_results er WHERE er.safir_field_id = 'Conso' AND er.value IS NOT NULL AND er.value != '' ) SELECT d.city_name, er.value FROM extraction_results er JOIN documents d ON er.document_id = d.document_id CROSS JOIN avg_value WHERE er.safir_field_id = 'Conso' AND er.value IS NOT NULL AND er.value != '' AND CAST(er.value AS REAL) > 2 * avg_value.avg_v;",hard,"[""subquery"", ""aggregation"", ""join""]","[""extraction_results"", ""documents""]",True,,deepseek-reasoner,2026-03-05T14:40:24.266578+00:00,3
cand_000057,"Afficher le top 5 des communes avec la plus forte augmentation de la valeur 'D001' entre 2023 et 2024, en pourcentage.","WITH values_2023 AS ( SELECT d.city_name, CAST(er.value AS REAL) AS valeur_2023 FROM extraction_results er JOIN documents d ON er.document_id = d.document_id WHERE er.safir_field_id = 'D001' AND d.document_year = '2023' AND er.value IS NOT NULL AND er.value != '' ), values_2024 AS ( SELECT d.city_name, CAST(er.value AS REAL) AS valeur_2024 FROM extraction_results er JOIN documents d ON er.document_id = d.document_id WHERE er.safir_field_id = 'D001' AND d.document_year = '2024' AND er.value IS NOT NULL AND er.value != '' ) SELECT v2023.city_name, ((v2024.valeur_2024 - v2023.valeur_2023) / NULLIF(v2023.valeur_2023, 0)) * 100 AS pourcentage_augmentation FROM values_2023 v2023 JOIN values_2024 v2024 ON v2023.city_name = v2024.city_name ORDER BY pourcentage_augmentation DESC LIMIT 5;",hard,"[""subquery"", ""join"", ""percentage_calculation"", ""ordering""]","[""extraction_results"", ""documents""]",True,,deepseek-reasoner,2026-03-05T14:40:24.268124+00:00,3
cand_000058,"Pour chaque règle d'extraction (field_rules), trouver les documents où elle a été appliquée et compter les succès et échecs.","SELECT fr.safir_field_id, d.document_id, s.code AS etat, COUNT(*) AS count FROM field_rules fr LEFT JOIN extraction_results er ON fr.safir_field_id = er.safir_field_id LEFT JOIN documents d ON er.document_id = d.document_id LEFT JOIN states s ON er.state_id = s.state_id GROUP BY fr.safir_field_id, d.document_id, s.code;",hard,"[""join"", ""aggregation"", ""group_by""]","[""field_rules"", ""extraction_results"", ""documents"", ""states""]",True,,deepseek-reasoner,2026-03-05T14:40:24.269132+00:00,3
cand_000059,Combien de documents budgétaires avons-nous traités pour l'année 2024 ?,SELECT COUNT(*) AS nombre_documents FROM documents WHERE document_year = '2024';,easy,"[""count"", ""filter""]","[""documents""]",True,,deepseek-reasoner,2026-03-05T14:43:07.416538+00:00,4
cand_000060,Quelles sont les communes distinctes qui ont soumis des documents en 2023 ?,SELECT DISTINCT city_name FROM documents WHERE document_year = '2023' ORDER BY city_name;,easy,"[""distinct"", ""filter""]","[""documents""]",True,,deepseek-reasoner,2026-03-05T14:43:07.416538+00:00,4
cand_000061,Listez tous les indicateurs financiers (champs) que nous avons extraits pour le document de la commune 'COMMUNAUTE AGGLOMERATION LUNEL AGGLO' en 2024.,SELECT DISTINCT er.safir_field_id FROM extraction_results er JOIN documents d ON er.document_id = d.document_id WHERE d.city_name = 'COMMUNAUTE AGGLOMERATION LUNEL AGGLO' AND d.document_year = '2024';,easy,"[""distinct"", ""join"", ""filter""]","[""extraction_results"", ""documents""]",True,,deepseek-reasoner,2026-03-05T14:43:07.416538+00:00,4
cand_000062,Combien de pages en moyenne ont les documents de type budget principal (BP) ?,SELECT AVG(nb_pages) AS moyenne_pages FROM documents WHERE budget_type = 'BP';,easy,"[""aggregation"", ""average""]","[""documents""]",True,,deepseek-reasoner,2026-03-05T14:43:07.416538+00:00,4
cand_000063,Quels sont les types de masque de document utilisés pour les budgets de 2024 ?,SELECT DISTINCT mask FROM documents WHERE document_year = '2024' ORDER BY mask;,easy,"[""distinct"", ""filter""]","[""documents""]",True,,deepseek-reasoner,2026-03-05T14:43:07.416538+00:00,4
cand_000064,Combien de documents n'ont aucun message d'avertissement ?,SELECT COUNT(*) AS documents_sans_avertissement FROM documents WHERE warning_message = '' OR warning_message IS NULL;,easy,"[""count"", ""filter"", ""null_check""]","[""documents""]",True,,deepseek-reasoner,2026-03-05T14:43:07.416538+00:00,4
cand_000065,"Affichez les années pour lesquelles nous avons traité des documents, avec le nombre de documents par année.","SELECT document_year, COUNT(*) AS nombre_documents FROM documents GROUP BY document_year ORDER BY document_year;",easy,"[""aggregation"", ""group_by""]","[""documents""]",True,,deepseek-reasoner,2026-03-05T14:43:07.416538+00:00,4
cand_000066,Quelle est la valeur extraite pour l'indicateur 'D001' dans le document de la commune 'Ville de Concarneau' pour 2024 ?,SELECT er.value FROM extraction_results er JOIN documents d ON er.document_id = d.document_id WHERE d.city_name = 'Ville de Concarneau' AND d.document_year = '2024' AND er.safir_field_id = 'D001';,easy,"[""filter"", ""join""]","[""extraction_results"", ""documents""]",True,,deepseek-reasoner,2026-03-05T14:43:07.416538+00:00,4
cand_000067,Quel est le taux de documents en succès (état SUCCESS) par année budgétaire ?,"SELECT d.document_year, COUNT(CASE WHEN s.code = 'SUCCESS' THEN 1 END) * 100.0 / COUNT(*) AS taux_succes_pourcent FROM documents d JOIN states s ON d.state_id = s.state_id GROUP BY d.document_year ORDER BY d.document_year;",medium,"[""aggregation"", ""join"", ""percentage"", ""case_when""]","[""documents"", ""states""]",True,,deepseek-reasoner,2026-03-05T14:43:07.416538+00:00,4
cand_000068,Comparez la moyenne des valeurs numériques de l'indicateur 'Conso' entre les budgets principaux (BP) et annexes (BA) pour l'année 2024.,"SELECT d.budget_type, AVG(CAST(er.value AS REAL)) AS moyenne_conso FROM extraction_results er JOIN documents d ON er.document_id = d.document_id WHERE d.document_year = '2024' AND er.safir_field_id = 'Conso' AND er.value != '' GROUP BY d.budget_type;",medium,"[""aggregation"", ""join"", ""type_conversion""]","[""extraction_results"", ""documents""]",True,,deepseek-reasoner,2026-03-05T14:43:07.416538+00:00,4
cand_000069,"Quelles communes ont le plus grand nombre de documents traités, et combien en ont-elles ?","SELECT city_name, COUNT(*) AS nombre_documents FROM documents GROUP BY city_name ORDER BY nombre_documents DESC;",medium,"[""aggregation"", ""group_by"", ""ordering""]","[""documents""]",True,,deepseek-reasoner,2026-03-05T14:43:07.416538+00:00,4
cand_000070,"Pour chaque indicateur financier, combien de fois a-t-il été extrait avec succès (sans message d'erreur) en 2023 ?","SELECT er.safir_field_id, COUNT(*) AS extractions_succes FROM extraction_results er JOIN documents d ON er.document_id = d.document_id WHERE d.document_year = '2023' AND (er.message_error = '' OR er.message_error IS NULL) GROUP BY er.safir_field_id ORDER BY extractions_succes DESC;",medium,"[""aggregation"", ""join"", ""group_by"", ""null_check""]","[""extraction_results"", ""documents""]",True,,deepseek-reasoner,2026-03-05T14:43:07.416538+00:00,4
cand_000071,Affichez les 5 communes avec la valeur la plus élevée pour l'indicateur 'D001' en 2024.,"SELECT d.city_name, CAST(er.value AS REAL) AS valeur_d001 FROM extraction_results er JOIN documents d ON er.document_id = d.document_id WHERE d.document_year = '2024' AND er.safir_field_id = 'D001' AND er.value != '' ORDER BY valeur_d001 DESC LIMIT 5;",medium,"[""ordering"", ""join"", ""limit"", ""type_conversion""]","[""extraction_results"", ""documents""]",True,,deepseek-reasoner,2026-03-05T14:43:07.416538+00:00,4
cand_000072,Quel est le nombre total de résultats d'extraction par type de masque de document pour l'année 2023 ?,"SELECT d.mask, COUNT(*) AS nombre_resultats FROM extraction_results er JOIN documents d ON er.document_id = d.document_id WHERE d.document_year = '2023' GROUP BY d.mask ORDER BY nombre_resultats DESC;",medium,"[""aggregation"", ""join"", ""group_by""]","[""extraction_results"", ""documents""]",True,,deepseek-reasoner,2026-03-05T14:43:07.416538+00:00,4
cand_000073,Identifiez les documents qui ont des valeurs extraites pour plus de 10 indicateurs financiers distincts.,"SELECT d.document_id, d.city_name, d.document_year, COUNT(DISTINCT er.safir_field_id) AS indicateurs_distincts FROM extraction_results er JOIN documents d ON er.document_id = d.document_id GROUP BY d.document_id HAVING COUNT(DISTINCT er.safir_field_id) > 10 ORDER BY indicateurs_distincts DESC;",medium,"[""aggregation"", ""join"", ""group_by"", ""having""]","[""extraction_results"", ""documents""]",True,,deepseek-reasoner,2026-03-05T14:43:07.416538+00:00,4
cand_000074,Quelle est la variation en pourcentage de la valeur moyenne de 'D001' entre 2023 et 2024 ?,"WITH moyennes AS (SELECT document_year, AVG(CAST(value AS REAL)) AS moyenne_d001 FROM extraction_results er JOIN documents d ON er.document_id = d.document_id WHERE er.safir_field_id = 'D001' AND er.value != '' AND d.document_year IN ('2023', '2024') GROUP BY d.document_year) SELECT (MAX(CASE WHEN document_year = '2024' THEN moyenne_d001 END) - MIN(CASE WHEN document_year = '2023' THEN moyenne_d001 END)) * 100.0 / MIN(CASE WHEN document_year = '2023' THEN moyenne_d001 END) AS variation_pourcent FROM moyennes;",hard,"[""aggregation"", ""join"", ""with_clause"", ""percentage"", ""case_when""]","[""extraction_results"", ""documents""]",True,,deepseek-reasoner,2026-03-05T14:43:07.422703+00:00,4
cand_000075,"Pour chaque commune, calculez le ratio entre les indicateurs 'D001' et 'DF011' pour 2024, en excluant les cas où l'un des deux est manquant.","SELECT d.city_name, CAST(er_d001.value AS REAL) / CAST(er_df011.value AS REAL) AS ratio_d001_df011 FROM documents d JOIN extraction_results er_d001 ON d.document_id = er_d001.document_id AND er_d001.safir_field_id = 'D001' JOIN extraction_results er_df011 ON d.document_id = er_df011.document_id AND er_df011.safir_field_id = 'DF011' WHERE d.document_year = '2024' AND er_d001.value != '' AND er_df011.value != '' AND CAST(er_df011.value AS REAL) != 0;",hard,"[""join"", ""ratio"", ""type_conversion"", ""filter""]","[""documents"", ""extraction_results""]",True,,deepseek-reasoner,2026-03-05T14:43:07.422703+00:00,4
cand_000076,Quelles sont les communes où la valeur de 'Conso' est supérieure à la moyenne de toutes les valeurs de 'Conso' pour 2024 ?,"SELECT d.city_name, CAST(er.value AS REAL) AS valeur_conso FROM extraction_results er JOIN documents d ON er.document_id = d.document_id WHERE d.document_year = '2024' AND er.safir_field_id = 'Conso' AND er.value != '' AND CAST(er.value AS REAL) > (SELECT AVG(CAST(value AS REAL)) FROM extraction_results er2 JOIN documents d2 ON er2.document_id = d2.document_id WHERE d2.document_year = '2024' AND er2.safir_field_id = 'Conso' AND er2.value != '') ORDER BY valeur_conso DESC;",hard,"[""subquery"", ""join"", ""aggregation"", ""filter""]","[""extraction_results"", ""documents""]",True,,deepseek-reasoner,2026-03-05T14:43:07.424101+00:00,4
cand_000077,"Analysez la tendance des valeurs de 'D001' par commune sur les années 2023 et 2024, en affichant la valeur pour chaque année et le changement absolu.","SELECT city_name, MAX(CASE WHEN document_year = '2023' THEN CAST(value AS REAL) END) AS d001_2023, MAX(CASE WHEN document_year = '2024' THEN CAST(value AS REAL) END) AS d001_2024, MAX(CASE WHEN document_year = '2024' THEN CAST(value AS REAL) END) - MAX(CASE WHEN document_year = '2023' THEN CAST(value AS REAL) END) AS changement_absolu FROM extraction_results er JOIN documents d ON er.document_id = d.document_id WHERE er.safir_field_id = 'D001' AND er.value != '' AND d.document_year IN ('2023', '2024') GROUP BY city_name HAVING COUNT(DISTINCT d.document_year) = 2 ORDER BY changement_absolu DESC;",hard,"[""aggregation"", ""join"", ""case_when"", ""group_by"", ""having""]","[""extraction_results"", ""documents""]",True,,deepseek-reasoner,2026-03-05T14:43:07.425629+00:00,4
cand_000078,"Quels sont les indicateurs financiers les plus fréquemment extraits avec des erreurs, et combien d'erreurs par indicateur ?","SELECT er.safir_field_id, COUNT(*) AS nombre_erreurs FROM extraction_results er WHERE er.message_error != '' AND er.message_error IS NOT NULL GROUP BY er.safir_field_id ORDER BY nombre_erreurs DESC;",medium,"[""aggregation"", ""group_by"", ""null_check""]","[""extraction_results""]",True,,deepseek-reasoner,2026-03-05T14:43:07.425629+00:00,4
cand_000079,Quelle est la valeur maximale extraite pour l'indicateur 'D001' en 2024 ?,SELECT MAX(CAST(er.value AS REAL)) AS max_value FROM extraction_results er JOIN documents d ON er.document_id = d.document_id WHERE er.safir_field_id = 'D001' AND d.document_year = '2024';,easy,"[""aggregation"", ""indicator_analysis""]","[""documents"", ""extraction_results""]",True,,deepseek-reasoner,2026-03-05T14:49:51.801733+00:00,5
cand_000080,Combien de communes distinctes ont soumis des documents en 2024 ?,SELECT COUNT(DISTINCT siret) AS nb_communes FROM documents WHERE document_year = '2024';,easy,"[""count"", ""commune_analysis""]","[""documents""]",True,,deepseek-reasoner,2026-03-05T14:49:51.801733+00:00,5
cand_000081,Quel est le type de budget (BP ou BA) le plus courant pour les documents de 2023 ?,"SELECT budget_type, COUNT(*) AS nb_documents FROM documents WHERE document_year = '2023' GROUP BY budget_type ORDER BY nb_documents DESC LIMIT 1;",easy,"[""budget_type"", ""frequency""]","[""documents""]",True,,deepseek-reasoner,2026-03-05T14:49:51.801733+00:00,5
cand_000082,Afficher les documents qui ont plus de 200 pages.,"SELECT document_id, city_name, nb_pages FROM documents WHERE nb_pages > 200;",easy,"[""document_characteristics"", ""filter""]","[""documents""]",True,,deepseek-reasoner,2026-03-05T14:49:51.801733+00:00,5
cand_000083,Quelle est la moyenne des valeurs numériques de l'indicateur 'Conso' pour les documents avec masque 'M57_CA' ?,SELECT AVG(CAST(er.value AS REAL)) AS moyenne_conso FROM extraction_results er JOIN documents d ON er.document_id = d.document_id WHERE er.safir_field_id = 'Conso' AND d.mask = 'M57_CA';,easy,"[""average"", ""indicator_analysis""]","[""documents"", ""extraction_results""]",True,,deepseek-reasoner,2026-03-05T14:49:51.801733+00:00,5
cand_000084,Listez les années budgétaires pour lesquelles nous avons des documents de type 'M4_CFU'.,SELECT DISTINCT document_year FROM documents WHERE mask = 'M4_CFU';,easy,"[""distinct"", ""document_type""]","[""documents""]",True,,deepseek-reasoner,2026-03-05T14:49:51.801733+00:00,5
cand_000085,Quel est le nombre total de résultats d'extraction avec un message d'erreur non vide ?,SELECT COUNT(*) AS nb_erreurs FROM extraction_results WHERE message_error IS NOT NULL AND message_error != '';,easy,"[""error_count"", ""quality_analysis""]","[""extraction_results""]",True,,deepseek-reasoner,2026-03-05T14:49:51.801733+00:00,5
cand_000086,"Pour chaque indicateur financier, combien de fois a-t-il été extrait en 2024 ?","SELECT er.safir_field_id, COUNT(*) AS nb_extractions FROM extraction_results er JOIN documents d ON er.document_id = d.document_id WHERE d.document_year = '2024' GROUP BY er.safir_field_id;",easy,"[""frequency"", ""indicator_analysis""]","[""documents"", ""extraction_results""]",True,,deepseek-reasoner,2026-03-05T14:49:51.801733+00:00,5
cand_000087,Comparez la valeur moyenne de 'D001' entre les communes ayant un budget_type 'BP' et 'BA' pour 2024.,"SELECT d.budget_type, AVG(CAST(er.value AS REAL)) AS moyenne_d001 FROM documents d JOIN extraction_results er ON d.document_id = er.document_id WHERE er.safir_field_id = 'D001' AND d.document_year = '2024' GROUP BY d.budget_type;",medium,"[""comparison"", ""budget_type"", ""average""]","[""documents"", ""extraction_results""]",True,,deepseek-reasoner,2026-03-05T14:49:51.801733+00:00,5
cand_000088,Identifier les communes où la valeur de 'DF011' est supérieure à 1000 en 2024.,"SELECT d.city_name, er.value FROM documents d JOIN extraction_results er ON d.document_id = er.document_id WHERE er.safir_field_id = 'DF011' AND d.document_year = '2024' AND CAST(er.value AS REAL) > 1000;",medium,"[""filter"", ""indicator_analysis""]","[""documents"", ""extraction_results""]",True,,deepseek-reasoner,2026-03-05T14:49:51.801733+00:00,5
cand_000089,Quels sont les indicateurs financiers qui n'ont jamais été extraits avec des valeurs numériques positives ?,SELECT DISTINCT safir_field_id FROM extraction_results WHERE safir_field_id NOT IN (SELECT DISTINCT safir_field_id FROM extraction_results WHERE CAST(value AS REAL) > 0);,medium,"[""indicator_analysis"", ""negative_values""]","[""extraction_results""]",True,,deepseek-reasoner,2026-03-05T14:49:51.801733+00:00,5
cand_000090,"Analyser la distribution des états des documents par année : combien sont en SUCCESS, ERROR, etc. par an ?","SELECT d.document_year, s.code AS etat, COUNT(*) AS nb_documents FROM documents d JOIN states s ON d.state_id = s.state_id GROUP BY d.document_year, s.code ORDER BY d.document_year, s.code;",medium,"[""state_analysis"", ""trend""]","[""documents"", ""states""]",True,,deepseek-reasoner,2026-03-05T14:49:51.801733+00:00,5
cand_000091,"Pour chaque commune, calculer le nombre de documents traités avec succès (état SUCCESS) pour 2024.","SELECT d.city_name, COUNT(*) AS nb_success FROM documents d JOIN states s ON d.state_id = s.state_id WHERE s.code = 'SUCCESS' AND d.document_year = '2024' GROUP BY d.city_name;",medium,"[""success_count"", ""commune_analysis""]","[""documents"", ""states""]",True,,deepseek-reasoner,2026-03-05T14:49:51.801733+00:00,5
cand_000092,Trouver les documents qui ont des valeurs extraites pour l'indicateur 'D001' mais pas pour 'DF011' pour la même année.,"SELECT d.document_id, d.city_name FROM documents d WHERE d.document_year = '2024' AND EXISTS (SELECT 1 FROM extraction_results er1 WHERE er1.document_id = d.document_id AND er1.safir_field_id = 'D001') AND NOT EXISTS (SELECT 1 FROM extraction_results er2 WHERE er2.document_id = d.document_id AND er2.safir_field_id = 'DF011');",medium,"[""missing_data"", ""indicator_comparison""]","[""documents"", ""extraction_results""]",True,,deepseek-reasoner,2026-03-05T14:49:51.801733+00:00,5
cand_000093,"Quelle est la commune avec la plus forte valeur de 'Conso' en 2023, et quelle est cette valeur ?","SELECT d.city_name, er.value FROM documents d JOIN extraction_results er ON d.document_id = er.document_id WHERE er.safir_field_id = 'Conso' AND d.document_year = '2023' ORDER BY CAST(er.value AS REAL) DESC LIMIT 1;",medium,"[""max_value"", ""indicator_analysis""]","[""documents"", ""extraction_results""]",True,,deepseek-reasoner,2026-03-05T14:49:51.801733+00:00,5
cand_000094,Calculer le ratio des erreurs par type de masque : nombre d'erreurs divisé par nombre total d'extractions.,"SELECT d.mask, SUM(CASE WHEN er.message_error IS NOT NULL AND er.message_error != '' THEN 1 ELSE 0 END) AS nb_erreurs, COUNT(*) AS nb_total, CAST(SUM(CASE WHEN er.message_error IS NOT NULL AND er.message_error != '' THEN 1 ELSE 0 END) AS REAL) / COUNT(*) AS ratio_erreurs FROM extraction_results er JOIN documents d ON er.document_id = d.document_id GROUP BY d.mask;",medium,"[""error_ratio"", ""quality_analysis""]","[""documents"", ""extraction_results""]",True,,deepseek-reasoner,2026-03-05T14:49:51.801733+00:00,5
cand_000095,"Pour chaque commune, identifier l'année où la valeur de 'D001' est maximale, et afficher cette valeur.","WITH ranked AS (SELECT d.city_name, d.document_year, CAST(er.value AS REAL) AS valeur, ROW_NUMBER() OVER (PARTITION BY d.city_name ORDER BY CAST(er.value AS REAL) DESC) AS rn FROM documents d JOIN extraction_results er ON d.document_id = er.document_id WHERE er.safir_field_id = 'D001') SELECT city_name, document_year, valeur FROM ranked WHERE rn = 1;",hard,"[""max_per_group"", ""window_function""]","[""documents"", ""extraction_results""]",True,,deepseek-reasoner,2026-03-05T14:49:51.801733+00:00,5
cand_000096,"Analyser la tendance : pour chaque indicateur, calculer la variation en pourcentage de la valeur moyenne entre 2023 et 2024.","WITH avg_by_year AS (SELECT er.safir_field_id, d.document_year, AVG(CAST(er.value AS REAL)) AS avg_value FROM extraction_results er JOIN documents d ON er.document_id = d.document_id WHERE d.document_year IN ('2023', '2024') GROUP BY er.safir_field_id, d.document_year), pivoted AS (SELECT safir_field_id, MAX(CASE WHEN document_year = '2023' THEN avg_value END) AS avg_2023, MAX(CASE WHEN document_year = '2024' THEN avg_value END) AS avg_2024 FROM avg_by_year GROUP BY safir_field_id) SELECT safir_field_id, avg_2023, avg_2024, (avg_2024 - avg_2023) / NULLIF(avg_2023, 0) * 100 AS variation_pourcentage FROM pivoted WHERE avg_2023 IS NOT NULL AND avg_2024 IS NOT NULL;",hard,"[""trend_analysis"", ""percentage_change""]","[""documents"", ""extraction_results""]",True,,deepseek-reasoner,2026-03-05T14:49:51.806710+00:00,5
cand_000097,"Trouver les paires de communes qui ont des valeurs similaires pour 'D001' en 2024, définies comme différant de moins de 10%.","WITH valeurs AS (SELECT d.city_name, CAST(er.value AS REAL) AS valeur FROM documents d JOIN extraction_results er ON d.document_id = er.document_id WHERE er.safir_field_id = 'D001' AND d.document_year = '2024') SELECT v1.city_name AS commune1, v2.city_name AS commune2, v1.valeur AS valeur1, v2.valeur AS valeur2 FROM valeurs v1 CROSS JOIN valeurs v2 WHERE v1.city_name < v2.city_name AND ABS(v1.valeur - v2.valeur) / NULLIF((v1.valeur + v2.valeur)/2, 0) < 0.1;",hard,"[""similarity_analysis"", ""cross_join""]","[""documents"", ""extraction_results""]",True,,deepseek-reasoner,2026-03-05T14:49:51.807463+00:00,5
cand_000098,"Quels sont les documents qui ont des valeurs extraites pour tous les indicateurs d'un certain groupe, par exemple tous les indicateurs commençant par 'D' ?","WITH indicateurs_D AS (SELECT DISTINCT safir_field_id FROM extraction_results WHERE safir_field_id LIKE 'D%' AND value IS NOT NULL AND value != ''), documents_with_counts AS (SELECT er.document_id, COUNT(DISTINCT er.safir_field_id) AS nb_indicateurs FROM extraction_results er WHERE er.safir_field_id LIKE 'D%' AND er.value IS NOT NULL AND er.value != '' GROUP BY er.document_id), total_indicateurs AS (SELECT COUNT(*) AS total FROM indicateurs_D) SELECT d.document_id, d.city_name FROM documents d JOIN documents_with_counts dwc ON d.document_id = dwc.document_id CROSS JOIN total_indicateurs ti WHERE dwc.nb_indicateurs = ti.total;",hard,"[""completeness_analysis"", ""set_operations""]","[""documents"", ""extraction_results""]",True,,deepseek-reasoner,2026-03-05T14:49:51.807463+00:00,5
cand_000099,Combien de documents avons-nous pour l'année 2023 ?,SELECT COUNT(*) FROM documents WHERE document_year = '2023';,easy,"[""document_count"", ""year""]","[""documents""]",True,,deepseek-reasoner,2026-03-05T15:01:10.037492+00:00,6
cand_000100,Combien de communes distinctes ont soumis des documents de type budget principal (BP) en 2024 ?,SELECT COUNT(DISTINCT city_name) FROM documents WHERE document_year = '2024' AND budget_type = 'BP';,easy,"[""commune_distinct"", ""budget_type""]","[""documents""]",True,,deepseek-reasoner,2026-03-05T15:01:10.037492+00:00,6
cand_000101,Quelle est la moyenne du nombre de pages pour les documents en état d'erreur ?,SELECT AVG(nb_pages) FROM documents d JOIN states s ON d.state_id = s.state_id WHERE s.code = 'ERROR' AND d.nb_pages IS NOT NULL;,easy,"[""average_pages"", ""error_state""]","[""documents"", ""states""]",True,,deepseek-reasoner,2026-03-05T15:01:10.037492+00:00,6
cand_000102,Quels sont les masques de document utilisés pour les budgets annexes (BA) ?,SELECT DISTINCT mask FROM documents WHERE budget_type = 'BA';,easy,"[""mask_distinct"", ""budget_type""]","[""documents""]",True,,deepseek-reasoner,2026-03-05T15:01:10.037492+00:00,6
cand_000103,Combien de documents avons-nous par année budgétaire ?,"SELECT document_year, COUNT(*) FROM documents GROUP BY document_year;",easy,"[""group_by_year"", ""document_count""]","[""documents""]",True,,deepseek-reasoner,2026-03-05T15:01:10.037492+00:00,6
cand_000104,Quelle est la valeur de l'indicateur 'DF011' pour la commune 'EUROMETROPOLE STRASBOURG' en 2023 ?,SELECT er.value FROM extraction_results er JOIN documents d ON er.document_id = d.document_id WHERE d.city_name = 'EUROMETROPOLE STRASBOURG' AND d.document_year = '2023' AND er.safir_field_id = 'DF011' LIMIT 1;,easy,"[""specific_value"", ""indicator""]","[""extraction_results"", ""documents""]",True,,deepseek-reasoner,2026-03-05T15:01:10.037492+00:00,6
cand_000105,Combien de résultats d'extraction avons-nous pour l'indicateur 'Conso' en 2024 ?,SELECT COUNT(*) FROM extraction_results er JOIN documents d ON er.document_id = d.document_id WHERE d.document_year = '2024' AND er.safir_field_id = 'Conso';,easy,"[""extraction_count"", ""indicator""]","[""extraction_results"", ""documents""]",True,,deepseek-reasoner,2026-03-05T15:01:10.037492+00:00,6
cand_000106,Quel est le nombre de documents avec état SUCCESS en 2024 ?,SELECT COUNT(*) FROM documents d JOIN states s ON d.state_id = s.state_id WHERE s.code = 'SUCCESS' AND d.document_year = '2024';,easy,"[""success_count"", ""year""]","[""documents"", ""states""]",True,,deepseek-reasoner,2026-03-05T15:01:10.037492+00:00,6
cand_000107,Comment a évolué la valeur moyenne de l'indicateur 'D001' entre 2023 et 2024 ?,"SELECT d.document_year, AVG(CAST(er.value AS REAL)) as moyenne FROM extraction_results er JOIN documents d ON er.document_id = d.document_id WHERE er.safir_field_id = 'D001' AND d.document_year IN ('2023', '2024') AND er.value != '' AND er.value IS NOT NULL GROUP BY d.document_year;",medium,"[""trend_analysis"", ""average_indicator""]","[""extraction_results"", ""documents""]",True,,deepseek-reasoner,2026-03-05T15:01:10.037492+00:00,6
cand_000108,Identifier les communes avec la valeur de 'DF011' la plus basse en 2024.,"SELECT d.city_name, er.value FROM extraction_results er JOIN documents d ON er.document_id = d.document_id WHERE er.safir_field_id = 'DF011' AND d.document_year = '2024' AND er.value != '' AND er.value IS NOT NULL ORDER BY CAST(er.value AS REAL) ASC LIMIT 5;",medium,"[""lowest_value"", ""indicator""]","[""extraction_results"", ""documents""]",True,,deepseek-reasoner,2026-03-05T15:01:10.037492+00:00,6
cand_000109,"Pour chaque type de masque, quel est le taux d'erreur dans les extractions ?","SELECT d.mask, SUM(CASE WHEN er.message_error IS NOT NULL AND er.message_error != '' THEN 1 ELSE 0 END) * 1.0 / COUNT(*) as taux_erreur FROM extraction_results er JOIN documents d ON er.document_id = d.document_id GROUP BY d.mask;",medium,"[""error_rate"", ""mask_analysis""]","[""extraction_results"", ""documents""]",True,,deepseek-reasoner,2026-03-05T15:01:10.037492+00:00,6
cand_000110,Quelle est la répartition des valeurs de l'indicateur 'D001' par type de budget (BP ou BA) pour 2024 ?,"SELECT d.budget_type, AVG(CAST(er.value AS REAL)) as moyenne FROM extraction_results er JOIN documents d ON er.document_id = d.document_id WHERE er.safir_field_id = 'D001' AND d.document_year = '2024' AND er.value != '' AND er.value IS NOT NULL GROUP BY d.budget_type;",medium,"[""distribution"", ""budget_type""]","[""extraction_results"", ""documents""]",True,,deepseek-reasoner,2026-03-05T15:01:10.037492+00:00,6
cand_000111,Identifier les documents où le nombre de pages est supérieur à 1.5 fois la moyenne.,"SELECT document_id, nb_pages FROM documents WHERE nb_pages > (SELECT AVG(nb_pages) * 1.5 FROM documents WHERE nb_pages IS NOT NULL) AND nb_pages IS NOT NULL;",medium,"[""anomaly_detection"", ""pages""]","[""documents""]",True,,deepseek-reasoner,2026-03-05T15:01:10.037492+00:00,6
cand_000112,"Pour chaque commune, calculer la variation de la valeur de 'D001' entre 2023 et 2024.","WITH vals AS (SELECT d.city_name, d.document_year, CAST(er.value AS REAL) as val FROM extraction_results er JOIN documents d ON er.document_id = d.document_id WHERE er.safir_field_id = 'D001' AND d.document_year IN ('2023', '2024') AND er.value != '' AND er.value IS NOT NULL) SELECT city_name, MAX(CASE WHEN document_year = '2024' THEN val END) - MAX(CASE WHEN document_year = '2023' THEN val END) as variation FROM vals GROUP BY city_name HAVING COUNT(DISTINCT document_year) = 2;",medium,"[""year_over_year"", ""change_indicator""]","[""extraction_results"", ""documents""]",True,,deepseek-reasoner,2026-03-05T15:01:10.037492+00:00,6
cand_000113,"Pour chaque indicateur financier, combien de fois a-t-il été extrait avec succès (sans erreur) en 2023 ?","SELECT er.safir_field_id, COUNT(*) as succes_count FROM extraction_results er JOIN documents d ON er.document_id = d.document_id WHERE d.document_year = '2023' AND (er.message_error IS NULL OR er.message_error = '') GROUP BY er.safir_field_id;",medium,"[""success_extraction"", ""indicator_analysis""]","[""extraction_results"", ""documents""]",True,,deepseek-reasoner,2026-03-05T15:01:10.037492+00:00,6
cand_000114,Classer les communes par la valeur totale de l'indicateur 'Conso' pour 2024.,"SELECT d.city_name, SUM(CAST(er.value AS REAL)) as total_conso FROM extraction_results er JOIN documents d ON er.document_id = d.document_id WHERE er.safir_field_id = 'Conso' AND d.document_year = '2024' AND er.value != '' AND er.value IS NOT NULL GROUP BY d.city_name ORDER BY total_conso DESC;",medium,"[""ranking"", ""total_value""]","[""extraction_results"", ""documents""]",True,,deepseek-reasoner,2026-03-05T15:01:10.037492+00:00,6
cand_000115,"Analyser la tendance des valeurs de 'DF011' par commune sur les deux dernières années, en identifiant celles avec une croissance.","WITH yearly_vals AS (SELECT d.city_name, d.document_year, CAST(er.value AS REAL) as val FROM extraction_results er JOIN documents d ON er.document_id = d.document_id WHERE er.safir_field_id = 'DF011' AND d.document_year IN ('2023', '2024') AND er.value != '' AND er.value IS NOT NULL), ranked AS (SELECT city_name, document_year, val, LAG(val) OVER (PARTITION BY city_name ORDER BY document_year) as prev_val FROM yearly_vals) SELECT DISTINCT city_name FROM ranked WHERE document_year = '2024' AND val > prev_val AND prev_val IS NOT NULL;",hard,"[""trend_growth"", ""window_function""]","[""extraction_results"", ""documents""]",True,,deepseek-reasoner,2026-03-05T15:01:10.037492+00:00,6
cand_000116,Identifier les documents où les valeurs extraites pour 'D001' et 'DF011' ne sont pas cohérentes (ratio hors de la plage normale entre 0.5 et 2).,"SELECT d.document_id, er1.value as d001_val, er2.value as df011_val FROM documents d JOIN extraction_results er1 ON d.document_id = er1.document_id AND er1.safir_field_id = 'D001' JOIN extraction_results er2 ON d.document_id = er2.document_id AND er2.safir_field_id = 'DF011' WHERE CAST(er1.value AS REAL) / NULLIF(CAST(er2.value AS REAL), 0) NOT BETWEEN 0.5 AND 2.0 AND er1.value != '' AND er2.value != '' AND er1.value IS NOT NULL AND er2.value IS NOT NULL;",hard,"[""anomaly_ratio"", ""indicator_pair""]","[""documents"", ""extraction_results""]",True,,deepseek-reasoner,2026-03-05T15:01:10.037492+00:00,6
cand_000117,"Pour les indicateurs avec feedback de correction, calculer la différence moyenne entre la valeur extraite et la valeur corrigée.","SELECT er.safir_field_id, AVG(ABS(CAST(er.value AS REAL) - CAST(rf.corrected_value AS REAL))) as diff_moyenne FROM extraction_results er JOIN resultfeedbacks rf ON er.result_id = rf.result_id WHERE er.value != '' AND rf.corrected_value != '' AND er.value IS NOT NULL AND rf.corrected_value IS NOT NULL GROUP BY er.safir_field_id;",hard,"[""feedback_analysis"", ""correction_diff""]","[""extraction_results"", ""resultfeedbacks""]",True,,deepseek-reasoner,2026-03-05T15:01:10.037492+00:00,6
cand_000118,"Pour chaque commune et année, calculer le taux de succès des extractions.","SELECT d.city_name, d.document_year, SUM(CASE WHEN s.code = 'SUCCESS' THEN 1 ELSE 0 END) * 1.0 / COUNT(*) as taux_succes FROM extraction_results er JOIN documents d ON er.document_id = d.document_id JOIN states s ON er.state_id = s.state_id GROUP BY d.city_name, d.document_year;",hard,"[""success_rate"", ""commune_year_analysis""]","[""extraction_results"", ""documents"", ""states""]",True,,deepseek-reasoner,2026-03-05T15:01:10.037492+00:00,6
cand_000119,"Pour 2024, quelles sont les 5 communes ayant les plus hauts montants pour l'indicateur de dépenses d'équipement (D001) ?","SELECT d.city_name, CAST(er.value AS REAL) AS valeur_d001 FROM documents d JOIN extraction_results er ON d.document_id = er.document_id WHERE er.safir_field_id = 'D001' AND d.document_year = '2024' ORDER BY CAST(er.value AS REAL) DESC LIMIT 5;",easy,"[""top_n"", ""valeur_indicateur"", ""filtre_annee""]","[""documents"", ""extraction_results""]",True,,deepseek-reasoner,2026-03-05T15:07:11.711858+00:00,8
cand_000120,Combien de documents budgétaires avons-nous traités avec succès (état validé) pour l'année 2023 ?,SELECT COUNT(*) AS nombre_documents_valides FROM documents d JOIN states s ON d.state_id = s.state_id WHERE s.code = 'VALIDATED' AND d.document_year = '2023';,easy,"[""count"", ""etat_document"", ""filtre_annee""]","[""documents"", ""states""]",True,,deepseek-reasoner,2026-03-05T15:07:11.711858+00:00,8
cand_000121,Quel est le nombre moyen de pages pour les documents de type M57_CA ?,SELECT AVG(nb_pages) AS moyenne_pages FROM documents WHERE mask = 'M57_CA';,easy,"[""moyenne"", ""type_document"", ""pages""]","[""documents""]",True,,deepseek-reasoner,2026-03-05T15:07:11.711858+00:00,8
cand_000122,Listez les communes distinctes ayant soumis des budgets annexes (BA) en 2024.,SELECT DISTINCT city_name FROM documents WHERE budget_type = 'BA' AND document_year = '2024';,easy,"[""distinct"", ""type_budget"", ""communes""]","[""documents""]",True,,deepseek-reasoner,2026-03-05T15:07:11.711858+00:00,8
cand_000123,Quel est le total des valeurs extraites pour l'indicateur de consommation (Conso) en 2024 ?,SELECT SUM(CAST(value AS REAL)) AS total_conso FROM extraction_results er JOIN documents d ON er.document_id = d.document_id WHERE er.safir_field_id = 'Conso' AND d.document_year = '2024' AND value != '' AND value NOT NULL;,easy,"[""sum"", ""indicateur"", ""aggregation""]","[""extraction_results"", ""documents""]",True,,deepseek-reasoner,2026-03-05T15:07:11.711858+00:00,8
cand_000124,Combien de documents ont été traités avec un format PDF en 2023 ?,SELECT COUNT(*) AS nombre_pdf FROM documents WHERE format = 'pdf' AND document_year = '2023';,easy,"[""count"", ""format_document"", ""filtre_annee""]","[""documents""]",True,,deepseek-reasoner,2026-03-05T15:07:11.711858+00:00,8
cand_000125,Quelle est la valeur maximale de l'indicateur DF011 pour l'année 2024 parmi les budgets principaux (BP) ?,SELECT MAX(CAST(er.value AS REAL)) AS valeur_max_df011 FROM extraction_results er JOIN documents d ON er.document_id = d.document_id WHERE er.safir_field_id = 'DF011' AND d.document_year = '2024' AND d.budget_type = 'BP' AND value != '' AND value NOT NULL;,easy,"[""max"", ""indicateur"", ""type_budget""]","[""extraction_results"", ""documents""]",True,,deepseek-reasoner,2026-03-05T15:07:11.711858+00:00,8
cand_000126,Quel est le nombre total de valeurs extraites sans erreur (message d'erreur vide) pour 2024 ?,SELECT COUNT(*) AS valeurs_sans_erreur FROM extraction_results er JOIN documents d ON er.document_id = d.document_id WHERE (er.message_error = '' OR er.message_error IS NULL) AND d.document_year = '2024';,easy,"[""count"", ""qualite_extraction"", ""erreurs""]","[""extraction_results"", ""documents""]",True,,deepseek-reasoner,2026-03-05T15:07:11.711858+00:00,8
cand_000127,"Pour chaque année, comparez le nombre de documents avec le masque M57_CFU versus M4_CFU.","SELECT document_year, mask, COUNT(*) AS nombre_documents FROM documents WHERE mask IN ('M57_CFU', 'M4_CFU') GROUP BY document_year, mask ORDER BY document_year, mask;",medium,"[""group_by"", ""comparaison"", ""type_document""]","[""documents""]",True,,deepseek-reasoner,2026-03-05T15:07:11.711858+00:00,8
cand_000128,Quelles sont les communes où la valeur de l'indicateur D001 a augmenté de plus de 20% entre 2023 et 2024 ?,"WITH valeurs_2023 AS (SELECT d.city_name, CAST(er.value AS REAL) AS val_2023 FROM documents d JOIN extraction_results er ON d.document_id = er.document_id WHERE er.safir_field_id = 'D001' AND d.document_year = '2023'), valeurs_2024 AS (SELECT d.city_name, CAST(er.value AS REAL) AS val_2024 FROM documents d JOIN extraction_results er ON d.document_id = er.document_id WHERE er.safir_field_id = 'D001' AND d.document_year = '2024') SELECT v23.city_name, v23.val_2023, v24.val_2024, (v24.val_2024 - v23.val_2023) / v23.val_2023 * 100 AS pourcentage_augmentation FROM valeurs_2023 v23 JOIN valeurs_2024 v24 ON v23.city_name = v24.city_name WHERE v23.val_2023 > 0 AND ((v24.val_2024 - v23.val_2023) / v23.val_2023) > 0.2;",medium,"[""cte"", ""tendance"", ""pourcentage""]","[""documents"", ""extraction_results""]",True,,deepseek-reasoner,2026-03-05T15:07:11.711858+00:00,8
cand_000129,Identifiez les indicateurs financiers ayant le plus grand nombre d'extractions avec des avertissements (message_warning non vide) en 2024.,"SELECT er.safir_field_id, COUNT(*) AS nombre_avertissements FROM extraction_results er JOIN documents d ON er.document_id = d.document_id WHERE d.document_year = '2024' AND er.message_warning IS NOT NULL AND er.message_warning != '' GROUP BY er.safir_field_id ORDER BY nombre_avertissements DESC LIMIT 10;",medium,"[""group_by"", ""avertissements"", ""indicateurs""]","[""extraction_results"", ""documents""]",True,,deepseek-reasoner,2026-03-05T15:07:11.711858+00:00,8
cand_000130,"Quelle est la distribution des états des documents (SUCCESS, ERROR, etc.) pour les budgets annexes (BA) en 2024 ?","SELECT s.code AS etat, COUNT(*) AS nombre_documents FROM documents d JOIN states s ON d.state_id = s.state_id WHERE d.budget_type = 'BA' AND d.document_year = '2024' GROUP BY s.code ORDER BY nombre_documents DESC;",medium,"[""group_by"", ""etat_document"", ""type_budget""]","[""documents"", ""states""]",True,,deepseek-reasoner,2026-03-05T15:07:11.711858+00:00,8
cand_000131,"Quelles sont les 3 communes ayant la plus faible valeur pour l'indicateur DF011 en 2024, parmi celles avec au moins 2 documents traités ?","SELECT d.city_name, MIN(CAST(er.value AS REAL)) AS valeur_min_df011 FROM documents d JOIN extraction_results er ON d.document_id = er.document_id WHERE er.safir_field_id = 'DF011' AND d.document_year = '2024' AND d.city_name IN (SELECT city_name FROM documents WHERE document_year = '2024' GROUP BY city_name HAVING COUNT(*) >= 2) GROUP BY d.city_name ORDER BY valeur_min_df011 ASC LIMIT 3;",medium,"[""subquery"", ""min"", ""multiple_documents""]","[""documents"", ""extraction_results""]",True,,deepseek-reasoner,2026-03-05T15:07:11.711858+00:00,8
cand_000132,"Calculez le ratio moyen entre les indicateurs D001 et DF011 pour chaque commune en 2024, en excluant les cas où DF011 est nul ou zéro.","SELECT d.city_name, AVG(CAST(er_d001.value AS REAL) / CAST(er_df011.value AS REAL)) AS ratio_moyen FROM documents d JOIN extraction_results er_d001 ON d.document_id = er_d001.document_id AND er_d001.safir_field_id = 'D001' JOIN extraction_results er_df011 ON d.document_id = er_df011.document_id AND er_df011.safir_field_id = 'DF011' WHERE d.document_year = '2024' AND er_df011.value != '' AND CAST(er_df011.value AS REAL) != 0 GROUP BY d.city_name ORDER BY ratio_moyen DESC;",medium,"[""join_multiple"", ""ratio"", ""moyenne""]","[""documents"", ""extraction_results""]",True,,deepseek-reasoner,2026-03-05T15:07:11.711858+00:00,8
cand_000133,"Pour chaque type de masque, quel est le pourcentage de documents avec plus de 200 pages ?","SELECT mask, COUNT(CASE WHEN nb_pages > 200 THEN 1 END) * 100.0 / COUNT(*) AS pourcentage_gros_documents FROM documents GROUP BY mask ORDER BY pourcentage_gros_documents DESC;",medium,"[""pourcentage"", ""group_by"", ""pages""]","[""documents""]",True,,deepseek-reasoner,2026-03-05T15:07:11.711858+00:00,8
cand_000134,Quels indicateurs financiers n'ont jamais été extraits avec des valeurs numériques supérieures à 1000 en 2024 ?,SELECT DISTINCT safir_field_id FROM extraction_results WHERE safir_field_id NOT IN (SELECT DISTINCT er.safir_field_id FROM extraction_results er JOIN documents d ON er.document_id = d.document_id WHERE d.document_year = '2024' AND er.value != '' AND CAST(er.value AS REAL) > 1000);,medium,"[""subquery"", ""negation"", ""valeur_seuil""]","[""extraction_results"", ""documents""]",True,,deepseek-reasoner,2026-03-05T15:07:11.711858+00:00,8
cand_000135,"Analysez la corrélation entre le nombre de pages d'un document et le nombre d'erreurs d'extraction pour 2024, en affichant les documents avec plus de 5 erreurs.","SELECT d.document_id, d.city_name, d.nb_pages, COUNT(CASE WHEN er.message_error != '' AND er.message_error IS NOT NULL THEN 1 END) AS nombre_erreurs FROM documents d LEFT JOIN extraction_results er ON d.document_id = er.document_id WHERE d.document_year = '2024' GROUP BY d.document_id, d.city_name, d.nb_pages HAVING nombre_erreurs > 5 ORDER BY nombre_erreurs DESC, d.nb_pages DESC;",hard,"[""correlation"", ""erreurs"", ""group_by_having""]","[""documents"", ""extraction_results""]",True,,deepseek-reasoner,2026-03-05T15:07:11.711858+00:00,8
cand_000136,"Identifiez les anomalies budgétaires en comparant les ratios D001/DF011 entre communes de même type de budget (BP/BA) pour 2024, où l'écart dépasse 50% de la moyenne du groupe.","WITH ratios AS (SELECT d.city_name, d.budget_type, CAST(er_d001.value AS REAL) / NULLIF(CAST(er_df011.value AS REAL), 0) AS ratio FROM documents d JOIN extraction_results er_d001 ON d.document_id = er_d001.document_id AND er_d001.safir_field_id = 'D001' JOIN extraction_results er_df011 ON d.document_id = er_df011.document_id AND er_df011.safir_field_id = 'DF011' WHERE d.document_year = '2024' AND er_d001.value != '' AND er_df011.value != '' AND CAST(er_df011.value AS REAL) != 0), moyennes AS (SELECT budget_type, AVG(ratio) AS ratio_moyen FROM ratios GROUP BY budget_type) SELECT r.city_name, r.budget_type, r.ratio, m.ratio_moyen, ABS(r.ratio - m.ratio_moyen) / m.ratio_moyen AS ecart_relatif FROM ratios r JOIN moyennes m ON r.budget_type = m.budget_type WHERE ABS(r.ratio - m.ratio_moyen) / m.ratio_moyen > 0.5 ORDER BY ecart_relatif DESC;",hard,"[""anomalie"", ""cte"", ""ratio_comparaison""]","[""documents"", ""extraction_results""]",True,,deepseek-reasoner,2026-03-05T15:07:11.711858+00:00,8
cand_000137,"Détectez les communes où la valeur de l'indicateur Conso a fluctué de plus de 30% entre les années consécutives disponibles (par exemple, de 2023 à 2024).","WITH valeurs_par_annee AS (SELECT d.city_name, d.document_year, CAST(er.value AS REAL) AS valeur FROM documents d JOIN extraction_results er ON d.document_id = er.document_id WHERE er.safir_field_id = 'Conso' AND er.value != ''), variations AS (SELECT v1.city_name, v1.document_year AS annee_from, v2.document_year AS annee_to, v1.valeur AS val_from, v2.valeur AS val_from, (v2.valeur - v1.valeur) / v1.valeur * 100 AS pourcentage_changement FROM valeurs_par_annee v1 JOIN valeurs_par_annee v2 ON v1.city_name = v2.city_name AND CAST(v2.document_year AS INTEGER) = CAST(v1.document_year AS INTEGER) + 1) SELECT city_name, annee_from, annee_to, val_from, val_from, pourcentage_changement FROM variations WHERE ABS(pourcentage_changement) > 30 ORDER BY ABS(pourcentage_changement) DESC;",hard,"[""fluctuation"", ""cte"", ""tendance_temporelle""]","[""documents"", ""extraction_results""]",True,,deepseek-reasoner,2026-03-05T15:07:11.711858+00:00,8
cand_000138,"Évaluez la qualité d'extraction par commune en 2024, en calculant un score basé sur le taux de succès (valeurs extraites sans erreur) et le nombre d'indicateurs extraits.","WITH extractions_par_commune AS (SELECT d.city_name, COUNT(*) AS total_extractions, COUNT(CASE WHEN er.message_error = '' OR er.message_error IS NULL THEN 1 END) AS extractions_sans_erreur, COUNT(DISTINCT er.safir_field_id) AS indicateurs_distincts FROM documents d JOIN extraction_results er ON d.document_id = er.document_id WHERE d.document_year = '2024' GROUP BY d.city_name) SELECT city_name, total_extractions, extractions_sans_erreur, indicateurs_distincts, (extractions_sans_erreur * 1.0 / total_extractions) * 100 AS taux_succes FROM extractions_par_commune ORDER BY taux_succes DESC, indicateurs_distincts DESC;",hard,"[""qualite"", ""cte"", ""score_composite""]","[""documents"", ""extraction_results""]",True,,deepseek-reasoner,2026-03-05T15:07:11.711858+00:00,8
cand_000139,Combien de communes distinctes ont soumis des documents de type M57_CA en 2024 ?,SELECT COUNT(DISTINCT siret) AS nombre_communes FROM documents WHERE mask = 'M57_CA' AND document_year = '2024';,easy,"[""count_distinct"", ""communes""]","[""documents""]",True,,deepseek-reasoner,2026-03-05T15:10:04.428687+00:00,9
cand_000140,Quelle est la valeur moyenne de l'indicateur 'D001' pour tous les documents de 2023 ?,SELECT AVG(CAST(value AS REAL)) AS moyenne_d001 FROM extraction_results WHERE safir_field_id = 'D001' AND document_id IN (SELECT document_id FROM documents WHERE document_year = '2023');,easy,"[""avg"", ""financial_indicator""]","[""extraction_results"", ""documents""]",True,,deepseek-reasoner,2026-03-05T15:10:04.428687+00:00,9
cand_000141,Listez les communes avec des documents en état 'ERROR' pour 2024.,SELECT DISTINCT city_name FROM documents d JOIN states s ON d.state_id = s.state_id WHERE s.code = 'ERROR' AND document_year = '2024';,easy,"[""filter"", ""error_analysis""]","[""documents"", ""states""]",True,,deepseek-reasoner,2026-03-05T15:10:04.428687+00:00,9
cand_000142,"Combien de valeurs ont été extraites pour l'indicateur 'Conso' en 2024, quelle que soit leur valeur ?",SELECT COUNT(*) AS nombre_extractions FROM extraction_results WHERE safir_field_id = 'Conso' AND document_id IN (SELECT document_id FROM documents WHERE document_year = '2024');,easy,"[""count"", ""extraction_volume""]","[""extraction_results"", ""documents""]",True,,deepseek-reasoner,2026-03-05T15:10:04.428687+00:00,9
cand_000143,Quel est le type de budget (BP ou BA) le plus fréquent parmi les documents de 2023 ?,"SELECT budget_type, COUNT(*) AS nombre FROM documents WHERE document_year = '2023' GROUP BY budget_type ORDER BY nombre DESC LIMIT 1;",easy,"[""group_by"", ""budget_type""]","[""documents""]",True,,deepseek-reasoner,2026-03-05T15:10:04.428687+00:00,9
cand_000144,Quelle est la valeur maximale de l'indicateur 'DF011' extraite pour 2024 ?,SELECT MAX(CAST(value AS REAL)) AS valeur_max FROM extraction_results WHERE safir_field_id = 'DF011' AND document_id IN (SELECT document_id FROM documents WHERE document_year = '2024');,easy,"[""max"", ""financial_indicator""]","[""extraction_results"", ""documents""]",True,,deepseek-reasoner,2026-03-05T15:10:04.428687+00:00,9
cand_000145,Combien de documents ont été traités avec un format 'pdf' en 2024 ?,SELECT COUNT(*) AS nombre FROM documents WHERE format = 'pdf' AND document_year = '2024';,easy,"[""count"", ""format""]","[""documents""]",True,,deepseek-reasoner,2026-03-05T15:10:04.428687+00:00,9
cand_000146,"Quelle est la commune avec la plus forte valeur de l'indicateur 'Conso' en 2023, et quelle est cette valeur ?","SELECT d.city_name, MAX(CAST(er.value AS REAL)) AS valeur_max FROM extraction_results er JOIN documents d ON er.document_id = d.document_id WHERE er.safir_field_id = 'Conso' AND d.document_year = '2023' GROUP BY d.city_name ORDER BY valeur_max DESC LIMIT 1;",medium,"[""max"", ""financial_indicator"", ""join""]","[""extraction_results"", ""documents""]",True,,deepseek-reasoner,2026-03-05T15:10:04.428687+00:00,9
cand_000147,"Pour chaque indicateur financier, calculez le nombre d'extractions réussies (sans message d'erreur) en 2024.","SELECT safir_field_id, COUNT(*) AS extractions_reussies FROM extraction_results WHERE message_error IS NULL OR message_error = '' AND document_id IN (SELECT document_id FROM documents WHERE document_year = '2024') GROUP BY safir_field_id;",medium,"[""group_by"", ""extraction_quality"", ""error_analysis""]","[""extraction_results"", ""documents""]",True,,deepseek-reasoner,2026-03-05T15:10:04.428687+00:00,9
cand_000148,Comparez le nombre de documents entre les budgets principaux (BP) et annexes (BA) pour chaque année.,"SELECT document_year, budget_type, COUNT(*) AS nombre FROM documents GROUP BY document_year, budget_type ORDER BY document_year, budget_type;",medium,"[""group_by"", ""budget_type"", ""comparison""]","[""documents""]",True,,deepseek-reasoner,2026-03-05T15:10:04.428687+00:00,9
cand_000149,Quelles sont les 5 communes avec les plus hautes valeurs moyennes de l'indicateur 'D001' en 2024 ?,"SELECT d.city_name, AVG(CAST(er.value AS REAL)) AS moyenne_d001 FROM extraction_results er JOIN documents d ON er.document_id = d.document_id WHERE er.safir_field_id = 'D001' AND d.document_year = '2024' GROUP BY d.city_name ORDER BY moyenne_d001 DESC LIMIT 5;",medium,"[""avg"", ""ranking"", ""financial_indicator""]","[""extraction_results"", ""documents""]",True,,deepseek-reasoner,2026-03-05T15:10:04.428687+00:00,9
cand_000150,"Pour chaque type de masque, calculez le taux de documents en état 'SUCCESS' en 2024.","SELECT d.mask, COUNT(CASE WHEN s.code = 'SUCCESS' THEN 1 END) * 100.0 / COUNT(*) AS taux_success FROM documents d JOIN states s ON d.state_id = s.state_id WHERE d.document_year = '2024' GROUP BY d.mask;",medium,"[""group_by"", ""success_rate"", ""mask""]","[""documents"", ""states""]",True,,deepseek-reasoner,2026-03-05T15:10:04.428687+00:00,9
cand_000151,"Quels sont les indicateurs financiers qui ont été extraits avec des valeurs non numériques (par exemple, texte) en 2024 ?",SELECT DISTINCT safir_field_id FROM extraction_results WHERE document_id IN (SELECT document_id FROM documents WHERE document_year = '2024') AND value GLOB '*[a-zA-Z]*';,medium,"[""anomaly_detection"", ""data_quality""]","[""extraction_results"", ""documents""]",True,,deepseek-reasoner,2026-03-05T15:10:04.444514+00:00,9
cand_000152,"Calculez le nombre total de pages pour tous les documents de chaque commune en 2023, et triez par ordre décroissant.","SELECT city_name, SUM(nb_pages) AS total_pages FROM documents WHERE document_year = '2023' GROUP BY city_name ORDER BY total_pages DESC;",medium,"[""sum"", ""group_by"", ""documents_volume""]","[""documents""]",True,,deepseek-reasoner,2026-03-05T15:10:04.444514+00:00,9
cand_000153,Identifiez les communes où la valeur de l'indicateur 'DF011' a augmenté de plus de 10% entre 2023 et 2024.,"WITH valeurs_2023 AS (SELECT d.city_name, AVG(CAST(er.value AS REAL)) AS avg_2023 FROM extraction_results er JOIN documents d ON er.document_id = d.document_id WHERE er.safir_field_id = 'DF011' AND d.document_year = '2023' GROUP BY d.city_name), valeurs_2024 AS (SELECT d.city_name, AVG(CAST(er.value AS REAL)) AS avg_2024 FROM extraction_results er JOIN documents d ON er.document_id = d.document_id WHERE er.safir_field_id = 'DF011' AND d.document_year = '2024' GROUP BY d.city_name) SELECT v2023.city_name, v2023.avg_2023, v2024.avg_2024, (v2024.avg_2024 - v2023.avg_2023) * 100.0 / v2023.avg_2023 AS pourcentage_augmentation FROM valeurs_2023 v2023 JOIN valeurs_2024 v2024 ON v2023.city_name = v2024.city_name WHERE v2024.avg_2024 > v2023.avg_2023 * 1.1;",hard,"[""trend"", ""comparison"", ""with_clause""]","[""extraction_results"", ""documents""]",True,,deepseek-reasoner,2026-03-05T15:10:04.444514+00:00,9
cand_000154,"Pour chaque commune, calculez un score de qualité d'extraction basé sur le taux de valeurs extraites sans erreur et le nombre d'indicateurs uniques extraits en 2024.","WITH qualite AS (SELECT d.city_name, COUNT(CASE WHEN er.message_error IS NULL OR er.message_error = '' THEN 1 END) * 100.0 / COUNT(*) AS taux_success, COUNT(DISTINCT er.safir_field_id) AS indicateurs_uniques FROM extraction_results er JOIN documents d ON er.document_id = d.document_id WHERE d.document_year = '2024' GROUP BY d.city_name) SELECT city_name, taux_success, indicateurs_uniques, (taux_success * 0.7 + indicateurs_uniques * 0.3) AS score_qualite FROM qualite ORDER BY score_qualite DESC;",hard,"[""quality_score"", ""aggregation"", ""with_clause""]","[""extraction_results"", ""documents""]",True,,deepseek-reasoner,2026-03-05T15:10:04.444514+00:00,9
cand_000155,"Trouvez les paires d'indicateurs financiers qui sont souvent extraits ensemble (dans les mêmes documents) en 2024, avec un taux de co-occurrence supérieur à 80%.","WITH indicateurs_docs AS (SELECT er1.safir_field_id AS indicateur1, er2.safir_field_id AS indicateur2, COUNT(DISTINCT er1.document_id) AS co_occurrences FROM extraction_results er1 JOIN extraction_results er2 ON er1.document_id = er2.document_id AND er1.safir_field_id < er2.safir_field_id WHERE er1.document_id IN (SELECT document_id FROM documents WHERE document_year = '2024') GROUP BY er1.safir_field_id, er2.safir_field_id), total_docs AS (SELECT COUNT(DISTINCT document_id) AS total FROM extraction_results WHERE document_id IN (SELECT document_id FROM documents WHERE document_year = '2024')) SELECT indicateur1, indicateur2, co_occurrences, co_occurrences * 100.0 / total AS taux FROM indicateurs_docs, total_docs WHERE taux > 80 ORDER BY taux DESC;",hard,"[""co_occurrence"", ""pattern_detection"", ""with_clause""]","[""extraction_results"", ""documents""]",True,,deepseek-reasoner,2026-03-05T15:10:04.444514+00:00,9
cand_000156,Détectez les anomalies budgétaires en identifiant les communes où le ratio entre les indicateurs 'D001' et 'DF011' en 2024 s'écarte de plus de 50% de la moyenne nationale.,"WITH ratios AS (SELECT d.city_name, AVG(CAST(er1.value AS REAL) / NULLIF(CAST(er2.value AS REAL), 0)) AS ratio_local FROM extraction_results er1 JOIN extraction_results er2 ON er1.document_id = er2.document_id JOIN documents d ON er1.document_id = d.document_id WHERE er1.safir_field_id = 'D001' AND er2.safir_field_id = 'DF011' AND d.document_year = '2024' GROUP BY d.city_name), moyenne_nationale AS (SELECT AVG(CAST(er1.value AS REAL) / NULLIF(CAST(er2.value AS REAL), 0)) AS ratio_moyen FROM extraction_results er1 JOIN extraction_results er2 ON er1.document_id = er2.document_id JOIN documents d ON er1.document_id = d.document_id WHERE er1.safir_field_id = 'D001' AND er2.safir_field_id = 'DF011' AND d.document_year = '2024') SELECT r.city_name, r.ratio_local, m.ratio_moyen, ABS(r.ratio_local - m.ratio_moyen) * 100.0 / m.ratio_moyen AS ecart_pourcentage FROM ratios r, moyenne_nationale m WHERE ecart_pourcentage > 50;",hard,"[""anomaly_detection"", ""ratio_analysis"", ""with_clause""]","[""extraction_results"", ""documents""]",True,,deepseek-reasoner,2026-03-05T15:10:04.444514+00:00,9
cand_000157,"Quelle est la dépense moyenne d'investissement (D001) par commune pour l'année 2024, en excluant les valeurs nulles ?","SELECT d.city_name, AVG(CAST(er.value AS REAL)) AS moyenne_D001 FROM extraction_results er JOIN documents d ON er.document_id = d.document_id WHERE er.safir_field_id = 'D001' AND d.document_year = '2024' AND er.value <> '' AND er.value IS NOT NULL AND er.value GLOB '*[0-9.]*' GROUP BY d.city_name ORDER BY moyenne_D001 DESC;",easy,"[""expense"", ""aggregation""]","[""extraction_results"", ""documents""]",True,,deepseek-reasoner,2026-03-05T15:14:09.393394+00:00,10
cand_000158,Quelles sont les communes ayant soumis des documents avec plus de 200 pages en 2024 ?,SELECT DISTINCT city_name FROM documents WHERE document_year = '2024' AND nb_pages > 200 ORDER BY city_name;,easy,"[""document_characteristics""]","[""documents""]",True,,deepseek-reasoner,2026-03-05T15:14:09.393394+00:00,10
cand_000159,Combien de valeurs extraites pour l'indicateur de consommation (Conso) sont non nulles en 2023 ?,SELECT COUNT(*) AS nombre_valeurs FROM extraction_results WHERE safir_field_id = 'Conso' AND document_id IN (SELECT document_id FROM documents WHERE document_year = '2023') AND value IS NOT NULL AND value <> '';,easy,"[""data_quality"", ""aggregation""]","[""extraction_results"", ""documents""]",True,,deepseek-reasoner,2026-03-05T15:14:09.409201+00:00,10
cand_000160,Quelle est la répartition des types de budget (BP ou BA) parmi les documents de 2024 ?,"SELECT budget_type, COUNT(*) AS nombre FROM documents WHERE document_year = '2024' AND budget_type IS NOT NULL GROUP BY budget_type;",easy,"[""budget_structure""]","[""documents""]",True,,deepseek-reasoner,2026-03-05T15:14:09.409201+00:00,10
cand_000161,Listez les communes avec au moins un document en format PDF pour l'année 2023.,SELECT DISTINCT city_name FROM documents WHERE document_year = '2023' AND format = 'pdf' ORDER BY city_name;,easy,"[""document_characteristics""]","[""documents""]",True,,deepseek-reasoner,2026-03-05T15:14:09.409201+00:00,10
cand_000162,Quel est le nombre total de pages pour les documents de type M57_CA en 2024 ?,SELECT SUM(nb_pages) AS total_pages FROM documents WHERE mask = 'M57_CA' AND document_year = '2024' AND nb_pages IS NOT NULL;,easy,"[""aggregation"", ""document_characteristics""]","[""documents""]",True,,deepseek-reasoner,2026-03-05T15:14:09.409201+00:00,10
cand_000163,Combien de documents sont en état 'ERROR' pour l'année 2024 ?,SELECT COUNT(*) AS nombre_erreurs FROM documents d JOIN states s ON d.state_id = s.state_id WHERE d.document_year = '2024' AND s.code = 'ERROR';,easy,"[""extraction_quality""]","[""documents"", ""states""]",True,,deepseek-reasoner,2026-03-05T15:14:09.409201+00:00,10
cand_000164,"Pour chaque commune, calculez la somme des dépenses d'équipement (D001) pour 2024, et classez-les par ordre décroissant.","SELECT d.city_name, SUM(CAST(er.value AS REAL)) AS total_D001 FROM extraction_results er JOIN documents d ON er.document_id = d.document_id WHERE er.safir_field_id = 'D001' AND d.document_year = '2024' AND er.value <> '' AND er.value IS NOT NULL AND er.value GLOB '*[0-9.]*' GROUP BY d.city_name ORDER BY total_D001 DESC;",medium,"[""expense"", ""aggregation"", ""comparison""]","[""extraction_results"", ""documents""]",True,,deepseek-reasoner,2026-03-05T15:14:09.409201+00:00,10
cand_000165,Comparez le nombre de documents traités avec succès (état SUCCESS) entre 2023 et 2024 pour chaque type de masque.,"SELECT mask, document_year, COUNT(*) AS nombre_succes FROM documents d JOIN states s ON d.state_id = s.state_id WHERE s.code = 'SUCCESS' AND document_year IN ('2023', '2024') GROUP BY mask, document_year ORDER BY mask, document_year;",medium,"[""extraction_quality"", ""trend""]","[""documents"", ""states""]",True,,deepseek-reasoner,2026-03-05T15:14:09.409201+00:00,10
cand_000166,"Quels sont les 3 indicateurs financiers les plus fréquemment extraits en 2024, et combien de fois chacun a-t-il été extrait ?","SELECT safir_field_id, COUNT(*) AS frequence FROM extraction_results WHERE document_id IN (SELECT document_id FROM documents WHERE document_year = '2024') GROUP BY safir_field_id ORDER BY frequence DESC LIMIT 3;",medium,"[""data_volume""]","[""extraction_results"", ""documents""]",True,,deepseek-reasoner,2026-03-05T15:14:09.424997+00:00,10
cand_000167,"Pour chaque commune, identifiez le type de budget (BP ou BA) dominant en 2024 (celui avec le plus de documents).","WITH budget_counts AS (SELECT city_name, budget_type, COUNT(*) AS count FROM documents WHERE document_year = '2024' AND budget_type IS NOT NULL GROUP BY city_name, budget_type) SELECT bc.city_name, bc.budget_type FROM budget_counts bc INNER JOIN (SELECT city_name, MAX(count) AS max_count FROM budget_counts GROUP BY city_name) maxbc ON bc.city_name = maxbc.city_name AND bc.count = maxbc.max_count ORDER BY bc.city_name;",medium,"[""budget_structure"", ""aggregation""]","[""documents""]",True,,deepseek-reasoner,2026-03-05T15:14:09.424997+00:00,10
cand_000168,"Quelles sont les communes où la valeur de l'indicateur DF011 a dépassé 1000 en 2024, et quelle est cette valeur ?","SELECT d.city_name, er.value AS valeur_DF011 FROM extraction_results er JOIN documents d ON er.document_id = d.document_id WHERE er.safir_field_id = 'DF011' AND d.document_year = '2024' AND CAST(er.value AS REAL) > 1000 ORDER BY CAST(er.value AS REAL) DESC;",medium,"[""anomaly_detection"", ""filter""]","[""extraction_results"", ""documents""]",True,,deepseek-reasoner,2026-03-05T15:14:09.424997+00:00,10
cand_000169,Calculez le taux d'échec des extractions (proportion de résultats avec message d'erreur non vide) par indicateur financier pour 2023.,"SELECT safir_field_id, COUNT(*) AS total, SUM(CASE WHEN message_error IS NOT NULL AND message_error <> '' THEN 1 ELSE 0 END) AS erreurs, ROUND(CAST(SUM(CASE WHEN message_error IS NOT NULL AND message_error <> '' THEN 1 ELSE 0 END) AS REAL) / COUNT(*) * 100, 2) AS taux_erreur_percent FROM extraction_results WHERE document_id IN (SELECT document_id FROM documents WHERE document_year = '2023') GROUP BY safir_field_id HAVING COUNT(*) > 0 ORDER BY taux_erreur_percent DESC;",medium,"[""extraction_quality"", ""aggregation""]","[""extraction_results"", ""documents""]",True,,deepseek-reasoner,2026-03-05T15:14:09.424997+00:00,10
cand_000170,"Pour chaque type de masque, quel est le nombre moyen de pages des documents en 2024 ?","SELECT mask, AVG(nb_pages) AS moyenne_pages FROM documents WHERE document_year = '2024' AND nb_pages IS NOT NULL GROUP BY mask ORDER BY moyenne_pages DESC;",medium,"[""document_characteristics"", ""aggregation""]","[""documents""]",True,,deepseek-reasoner,2026-03-05T15:14:09.424997+00:00,10
cand_000171,"Identifiez les communes avec des documents en état 'PARTIAL' en 2024, et comptez combien de documents par commune.","SELECT d.city_name, COUNT(*) AS nombre_documents_partiels FROM documents d JOIN states s ON d.state_id = s.state_id WHERE d.document_year = '2024' AND s.code = 'PARTIAL' GROUP BY d.city_name ORDER BY nombre_documents_partiels DESC;",medium,"[""extraction_quality"", ""aggregation""]","[""documents"", ""states""]",True,,deepseek-reasoner,2026-03-05T15:14:09.424997+00:00,10
cand_000172,"Pour chaque commune, calculez la variation en pourcentage de la valeur moyenne de l'indicateur D001 entre 2023 et 2024, en ne considérant que les communes avec des données pour les deux années.","WITH valeurs_2023 AS (SELECT d.city_name, AVG(CAST(er.value AS REAL)) AS avg_2023 FROM extraction_results er JOIN documents d ON er.document_id = d.document_id WHERE er.safir_field_id = 'D001' AND d.document_year = '2023' AND er.value <> '' AND er.value IS NOT NULL AND er.value GLOB '*[0-9.]*' GROUP BY d.city_name), valeurs_2024 AS (SELECT d.city_name, AVG(CAST(er.value AS REAL)) AS avg_2024 FROM extraction_results er JOIN documents d ON er.document_id = d.document_id WHERE er.safir_field_id = 'D001' AND d.document_year = '2024' AND er.value <> '' AND er.value IS NOT NULL AND er.value GLOB '*[0-9.]*' GROUP BY d.city_name) SELECT v23.city_name, v23.avg_2023, v24.avg_2024, ROUND((v24.avg_2024 - v23.avg_2023) / v23.avg_2023 * 100, 2) AS variation_percent FROM valeurs_2023 v23 JOIN valeurs_2024 v24 ON v23.city_name = v24.city_name ORDER BY variation_percent DESC;",hard,"[""trend"", ""comparison"", ""aggregation""]","[""extraction_results"", ""documents""]",True,,deepseek-reasoner,2026-03-05T15:14:09.440800+00:00,10
cand_000173,"Détectez les anomalies budgétaires en identifiant les communes où le ratio D001/DF011 en 2024 est supérieur à 2 ou inférieur à 0.5, en excluant les divisions par zéro.","WITH ratios AS (SELECT d.city_name, CASE WHEN df011.value IS NOT NULL AND df011.value <> '' AND CAST(df011.value AS REAL) != 0 THEN CAST(d001.value AS REAL) / CAST(df011.value AS REAL) ELSE NULL END AS ratio FROM (SELECT document_id, value FROM extraction_results WHERE safir_field_id = 'D001' AND document_id IN (SELECT document_id FROM documents WHERE document_year = '2024') AND value <> '' AND value IS NOT NULL AND value GLOB '*[0-9.]*') d001 JOIN (SELECT document_id, value FROM extraction_results WHERE safir_field_id = 'DF011' AND document_id IN (SELECT document_id FROM documents WHERE document_year = '2024') AND value <> '' AND value IS NOT NULL AND value GLOB '*[0-9.]*') df011 ON d001.document_id = df011.document_id JOIN documents d ON d001.document_id = d.document_id WHERE d001.value IS NOT NULL AND df011.value IS NOT NULL) SELECT city_name, ratio FROM ratios WHERE ratio IS NOT NULL AND (ratio > 2 OR ratio < 0.5) ORDER BY ratio DESC;",hard,"[""anomaly_detection"", ""comparison""]","[""extraction_results"", ""documents""]",True,,deepseek-reasoner,2026-03-05T15:14:09.443963+00:00,10
cand_000174,"Évaluez la qualité d'extraction par commune en 2024 avec un score basé sur le taux de résultats sans erreur et le nombre d'indicateurs uniques extraits, en pondérant ces facteurs.","WITH qualite AS (SELECT d.city_name, COUNT(*) AS total_resultats, SUM(CASE WHEN er.message_error IS NULL OR er.message_error = '' THEN 1 ELSE 0 END) AS resultats_sans_erreur, COUNT(DISTINCT er.safir_field_id) AS indicateurs_uniques FROM extraction_results er JOIN documents d ON er.document_id = d.document_id WHERE d.document_year = '2024' GROUP BY d.city_name) SELECT city_name, total_resultats, resultats_sans_erreur, indicateurs_uniques, ROUND((CAST(resultats_sans_erreur AS REAL) / total_resultats * 0.7 + CAST(indicateurs_uniques AS REAL) / (SELECT MAX(indicateurs_uniques) FROM qualite) * 0.3) * 100, 2) AS score_qualite FROM qualite WHERE total_resultats > 0 ORDER BY score_qualite DESC;",hard,"[""extraction_quality"", ""aggregation""]","[""extraction_results"", ""documents""]",True,,deepseek-reasoner,2026-03-05T15:14:09.456614+00:00,10
cand_000175,"Identifiez les indicateurs financiers qui ont été extraits avec des valeurs non numériques (par exemple du texte) en 2024, et combien de fois cela s'est produit.","SELECT safir_field_id, COUNT(*) AS occurrences_non_numeriques FROM extraction_results WHERE document_id IN (SELECT document_id FROM documents WHERE document_year = '2024') AND value IS NOT NULL AND value <> '' AND value NOT GLOB '*[0-9.]*' GROUP BY safir_field_id HAVING COUNT(*) > 0 ORDER BY occurrences_non_numeriques DESC;",hard,"[""data_quality"", ""anomaly_detection""]","[""extraction_results"", ""documents""]",True,,deepseek-reasoner,2026-03-05T15:14:09.458032+00:00,10
